1.176830000000000000e+05
1.153640000000000000e+05
1.254280000000000000e+05
1.194570000000000000e+05
1.206620000000000000e+05
1.219430000000000000e+05
1.182600000000000000e+05
1.189520000000000000e+05
1.178510000000000000e+05
1.229080000000000000e+05
1.200560000000000000e+05
1.186140000000000000e+05
1.138940000000000000e+05
1.245330000000000000e+05
1.205810000000000000e+05
1.262410000000000000e+05
1.234980000000000000e+05
1.213620000000000000e+05
1.260270000000000000e+05
1.204520000000000000e+05
1.145560000000000000e+05
1.208470000000000000e+05
1.240100000000000000e+05
1.151000000000000000e+05
1.260310000000000000e+05
1.266160000000000000e+05
1.134040000000000000e+05
1.135560000000000000e+05
1.135330000000000000e+05
1.212640000000000000e+05
1.246830000000000000e+05
1.177690000000000000e+05
1.152100000000000000e+05
1.204090000000000000e+05
1.141230000000000000e+05
1.249640000000000000e+05
1.216680000000000000e+05
1.201550000000000000e+05
1.254380000000000000e+05
1.133850000000000000e+05
1.199300000000000000e+05
1.232030000000000000e+05
1.240910000000000000e+05
1.217570000000000000e+05
1.246230000000000000e+05
1.240920000000000000e+05
1.146060000000000000e+05
1.142420000000000000e+05
1.184310000000000000e+05
1.129430000000000000e+05
1.237680000000000000e+05
1.264500000000000000e+05
1.242980000000000000e+05
1.226220000000000000e+05
1.249420000000000000e+05
1.179640000000000000e+05
1.264300000000000000e+05
1.258330000000000000e+05
1.238730000000000000e+05
1.210100000000000000e+05
1.268510000000000000e+05
1.226500000000000000e+05
1.196040000000000000e+05
1.265160000000000000e+05
1.261130000000000000e+05
1.132750000000000000e+05
1.257820000000000000e+05
1.151220000000000000e+05
1.130700000000000000e+05
1.142430000000000000e+05
1.149180000000000000e+05
1.149200000000000000e+05
1.192480000000000000e+05
1.223800000000000000e+05
1.261110000000000000e+05
1.144600000000000000e+05
1.223330000000000000e+05
1.269810000000000000e+05
1.217270000000000000e+05
1.134180000000000000e+05
1.200820000000000000e+05
1.221360000000000000e+05
1.249800000000000000e+05
1.236840000000000000e+05
1.272270000000000000e+05
1.145870000000000000e+05
1.186570000000000000e+05
1.131820000000000000e+05
1.248270000000000000e+05
1.225860000000000000e+05
1.211130000000000000e+05
1.194550000000000000e+05
1.183500000000000000e+05
1.224210000000000000e+05
1.134060000000000000e+05
1.142850000000000000e+05
1.264810000000000000e+05
1.183330000000000000e+05
1.233940000000000000e+05
1.225520000000000000e+05
1.254720000000000000e+05
1.252040000000000000e+05
1.130780000000000000e+05
1.233760000000000000e+05
1.181950000000000000e+05
1.245310000000000000e+05
1.197510000000000000e+05
1.139320000000000000e+05
1.206200000000000000e+05
1.210000000000000000e+05
1.242280000000000000e+05
1.269830000000000000e+05
1.185830000000000000e+05
1.249220000000000000e+05
1.213230000000000000e+05
1.205330000000000000e+05
1.190770000000000000e+05
1.227640000000000000e+05
1.197690000000000000e+05
1.218150000000000000e+05
1.223690000000000000e+05
1.209470000000000000e+05
1.145190000000000000e+05
1.151710000000000000e+05
1.142370000000000000e+05
1.188660000000000000e+05
1.229010000000000000e+05
1.249900000000000000e+05
1.187960000000000000e+05
1.198320000000000000e+05
1.212500000000000000e+05
1.147450000000000000e+05
1.227830000000000000e+05
1.139260000000000000e+05
1.141390000000000000e+05
1.135160000000000000e+05
1.200540000000000000e+05
1.194870000000000000e+05
1.177350000000000000e+05
1.192790000000000000e+05
1.231440000000000000e+05
1.271760000000000000e+05
1.151450000000000000e+05
1.196440000000000000e+05
1.238740000000000000e+05
1.210740000000000000e+05
1.202090000000000000e+05
1.182040000000000000e+05
1.241570000000000000e+05
1.221590000000000000e+05
1.210240000000000000e+05
1.131680000000000000e+05
1.177710000000000000e+05
1.249980000000000000e+05
1.210600000000000000e+05
1.210890000000000000e+05
1.181800000000000000e+05
1.228880000000000000e+05
1.253810000000000000e+05
1.196580000000000000e+05
1.241240000000000000e+05
1.242450000000000000e+05
1.193610000000000000e+05
1.216740000000000000e+05
1.273630000000000000e+05
1.217970000000000000e+05
1.196900000000000000e+05
1.256750000000000000e+05
1.244960000000000000e+05
1.235260000000000000e+05
1.204690000000000000e+05
1.244950000000000000e+05
1.201260000000000000e+05
1.260170000000000000e+05
1.209970000000000000e+05
1.208770000000000000e+05
1.193550000000000000e+05
1.145830000000000000e+05
1.235540000000000000e+05
1.135060000000000000e+05
1.146050000000000000e+05
1.184090000000000000e+05
8.640000000000000000e+03
8.504000000000000000e+03
9.350000000000000000e+02
9.324000000000000000e+03
1.149700000000000000e+04
2.362000000000000000e+04
2.761000000000000000e+03
1.145800000000000000e+04
4.766000000000000000e+03
6.213000000000000000e+03
4.590000000000000000e+02
1.267200000000000000e+04
2.217700000000000000e+04
9.159000000000000000e+03
1.228100000000000000e+04
1.426700000000000000e+04
1.347700000000000000e+04
1.427300000000000000e+04
2.644600000000000000e+04
1.801300000000000000e+04
1.797900000000000000e+04
6.701000000000000000e+03
9.970000000000000000e+03
1.871000000000000000e+03
2.452600000000000000e+04
2.194800000000000000e+04
2.426500000000000000e+04
3.444000000000000000e+03
9.000000000000000000e+02
2.502400000000000000e+04
1.616600000000000000e+04
1.268300000000000000e+04
5.061000000000000000e+03
1.402400000000000000e+04
4.356000000000000000e+03
4.500000000000000000e+02
2.252000000000000000e+04
1.451900000000000000e+04
4.752000000000000000e+03
4.279000000000000000e+03
1.701000000000000000e+04
8.597000000000000000e+03
9.950000000000000000e+03
1.158000000000000000e+04
1.327900000000000000e+04
1.003900000000000000e+04
1.599400000000000000e+04
1.025700000000000000e+04
1.773700000000000000e+04
2.251800000000000000e+04
9.740000000000000000e+03
1.297000000000000000e+03
1.715700000000000000e+04
1.120900000000000000e+04
2.208400000000000000e+04
1.164300000000000000e+04
3.764000000000000000e+03
1.372800000000000000e+04
8.760000000000000000e+02
1.315900000000000000e+04
1.898000000000000000e+03
2.345700000000000000e+04
9.820000000000000000e+03
1.345700000000000000e+04
6.173000000000000000e+03
6.187000000000000000e+03
7.019000000000000000e+03
6.218000000000000000e+03
1.625800000000000000e+04
9.270000000000000000e+02
2.677200000000000000e+04
3.000000000000000000e+02
1.258800000000000000e+04
9.920000000000000000e+03
2.388100000000000000e+04
2.344300000000000000e+04
1.413900000000000000e+04
1.565000000000000000e+04
2.632900000000000000e+04
1.078200000000000000e+04
2.234900000000000000e+04
2.377000000000000000e+03
2.226900000000000000e+04
2.395900000000000000e+04
1.237100000000000000e+04
1.584900000000000000e+04
1.082600000000000000e+04
1.744700000000000000e+04
8.637000000000000000e+03
1.424200000000000000e+04
1.143300000000000000e+04
1.150200000000000000e+04
5.347000000000000000e+03
3.612000000000000000e+03
1.067400000000000000e+04
2.287000000000000000e+03
4.429000000000000000e+03
2.501000000000000000e+04
2.525200000000000000e+04
1.271800000000000000e+04
1.224700000000000000e+04
1.578700000000000000e+04
1.775700000000000000e+04
1.639200000000000000e+04
3.130000000000000000e+02
2.546700000000000000e+04
1.382800000000000000e+04
1.537200000000000000e+04
1.221900000000000000e+04
1.649000000000000000e+03
2.271200000000000000e+04
2.401700000000000000e+04
1.504100000000000000e+04
1.028700000000000000e+04
1.473800000000000000e+04
2.301100000000000000e+04
2.213300000000000000e+04
4.704000000000000000e+03
7.810000000000000000e+03
1.773100000000000000e+04
1.684200000000000000e+04
1.295600000000000000e+04
2.581500000000000000e+04
1.180200000000000000e+04
1.693300000000000000e+04
1.773900000000000000e+04
5.544000000000000000e+03
1.409800000000000000e+04
1.409500000000000000e+04
1.736600000000000000e+04
6.769000000000000000e+03
5.232000000000000000e+03
1.710100000000000000e+04
4.597000000000000000e+03
2.495200000000000000e+04
1.503300000000000000e+04
2.556100000000000000e+04
1.253900000000000000e+04
8.324000000000000000e+03
9.636000000000000000e+03
1.768600000000000000e+04
7.668000000000000000e+03
2.538600000000000000e+04
6.556000000000000000e+03
9.370000000000000000e+03
1.635400000000000000e+04
1.441500000000000000e+04
8.100000000000000000e+02
3.688000000000000000e+03
1.609500000000000000e+04
7.020000000000000000e+03
1.512000000000000000e+04
2.210900000000000000e+04
2.719000000000000000e+03
2.414000000000000000e+04
1.629500000000000000e+04
6.290000000000000000e+03
2.274300000000000000e+04
2.240900000000000000e+04
1.440900000000000000e+04
4.260000000000000000e+03
1.079000000000000000e+03
8.515000000000000000e+03
2.659400000000000000e+04
7.033000000000000000e+03
7.099000000000000000e+03
1.322700000000000000e+04
1.024800000000000000e+04
2.402400000000000000e+04
1.091000000000000000e+04
7.830000000000000000e+02
6.350000000000000000e+02
1.712700000000000000e+04
1.344800000000000000e+04
1.545600000000000000e+04
9.533000000000000000e+03
1.213800000000000000e+04
1.538000000000000000e+04
1.361000000000000000e+03
6.250000000000000000e+03
1.110500000000000000e+04
2.762000000000000000e+03
8.332000000000000000e+03
8.874000000000000000e+03
2.552200000000000000e+04
1.604500000000000000e+04
1.501700000000000000e+04
2.703400000000000000e+04
1.339900000000000000e+04
8.784000000000000000e+03
1.020700000000000000e+04
7.547000000000000000e+03
8.909000000000000000e+03
9.161000000000000000e+03
2.283300000000000000e+04
7.205000000000000000e+03
1.270100000000000000e+04
1.599000000000000000e+03
9.202000000000000000e+03
7.690000000000000000e+02
2.592300000000000000e+04
2.332300000000000000e+04
7.421000000000000000e+03
1.654400000000000000e+04
1.391100000000000000e+04
2.885000000000000000e+03
1.361200000000000000e+04
3.100000000000000000e+03
2.206000000000000000e+03
3.728000000000000000e+03
6.934000000000000000e+03
1.228000000000000000e+03
1.872000000000000000e+03
1.521100000000000000e+04
2.265200000000000000e+04
7.176000000000000000e+03
1.386900000000000000e+04
2.579300000000000000e+04
6.869000000000000000e+03
1.700000000000000000e+03
5.243000000000000000e+03
3.553000000000000000e+03
1.782200000000000000e+04
1.738500000000000000e+04
2.212900000000000000e+04
1.595000000000000000e+04
1.194700000000000000e+04
7.036000000000000000e+03
1.368100000000000000e+04
1.029900000000000000e+04
2.233200000000000000e+04
1.634900000000000000e+04
2.354100000000000000e+04
7.488000000000000000e+03
1.288600000000000000e+04
1.056100000000000000e+04
3.448000000000000000e+03
4.527000000000000000e+03
1.070200000000000000e+04
1.258700000000000000e+04
2.255600000000000000e+04
1.352000000000000000e+03
3.327000000000000000e+03
1.211100000000000000e+04
2.258000000000000000e+04
2.552900000000000000e+04
2.294600000000000000e+04
1.669100000000000000e+04
2.934000000000000000e+03
3.039000000000000000e+03
9.087000000000000000e+03
2.225700000000000000e+04
1.847000000000000000e+03
9.389000000000000000e+03
2.964000000000000000e+03
1.589600000000000000e+04
1.750800000000000000e+04
2.596600000000000000e+04
1.301300000000000000e+04
1.350200000000000000e+04
1.201600000000000000e+04
2.268500000000000000e+04
1.245200000000000000e+04
2.301900000000000000e+04
2.535600000000000000e+04
1.565200000000000000e+04
1.274500000000000000e+04
1.643400000000000000e+04
1.377800000000000000e+04
1.699400000000000000e+04
5.140000000000000000e+03
1.648700000000000000e+04
2.569500000000000000e+04
4.403000000000000000e+03
2.641300000000000000e+04
4.934000000000000000e+03
1.611300000000000000e+04
2.353500000000000000e+04
6.467000000000000000e+03
2.668400000000000000e+04
2.300000000000000000e+04
2.698400000000000000e+04
2.329000000000000000e+04
3.360000000000000000e+03
1.074600000000000000e+04
2.263400000000000000e+04
7.300000000000000000e+02
1.251000000000000000e+03
8.967000000000000000e+03
9.384000000000000000e+03
6.581000000000000000e+03
2.385000000000000000e+03
1.598600000000000000e+04
1.266100000000000000e+04
1.387600000000000000e+04
1.144800000000000000e+04
1.457100000000000000e+04
3.671000000000000000e+03
1.265000000000000000e+03
1.775600000000000000e+04
9.463000000000000000e+03
2.553800000000000000e+04
4.626000000000000000e+03
1.653900000000000000e+04
8.853000000000000000e+03
2.682200000000000000e+04
1.623200000000000000e+04
6.998000000000000000e+03
6.800000000000000000e+03
1.596000000000000000e+04
1.504700000000000000e+04
5.425000000000000000e+03
6.624000000000000000e+03
4.839000000000000000e+03
4.690000000000000000e+02
2.587800000000000000e+04
9.193000000000000000e+03
1.757000000000000000e+03
1.307000000000000000e+04
2.431500000000000000e+04
4.363000000000000000e+03
1.204100000000000000e+04
9.051700000000000000e+04
9.153400000000000000e+04
9.128700000000000000e+04
8.904700000000000000e+04
9.194200000000000000e+04
9.901300000000000000e+04
1.075200000000000000e+05
9.121500000000000000e+04
1.038580000000000000e+05
9.007200000000000000e+04
9.425700000000000000e+04
9.519000000000000000e+04
1.027930000000000000e+05
1.073070000000000000e+05
9.907300000000000000e+04
1.050020000000000000e+05
9.873500000000000000e+04
9.390900000000000000e+04
1.059980000000000000e+05
1.108550000000000000e+05
9.529300000000000000e+04
1.048700000000000000e+05
9.382900000000000000e+04
8.823600000000000000e+04
9.379100000000000000e+04
9.221300000000000000e+04
1.097020000000000000e+05
9.927200000000000000e+04
1.061200000000000000e+05
1.056530000000000000e+05
9.983300000000000000e+04
9.351600000000000000e+04
1.056030000000000000e+05
9.825300000000000000e+04
9.419600000000000000e+04
1.077840000000000000e+05
1.057710000000000000e+05
1.062980000000000000e+05
9.527000000000000000e+04
9.947400000000000000e+04
9.221000000000000000e+04
9.649800000000000000e+04
9.332700000000000000e+04
1.052680000000000000e+05
9.311100000000000000e+04
8.931500000000000000e+04
1.057520000000000000e+05
1.005720000000000000e+05
9.665600000000000000e+04
9.806900000000000000e+04
1.073660000000000000e+05
9.713700000000000000e+04
9.252100000000000000e+04
8.966400000000000000e+04
1.057380000000000000e+05
9.414300000000000000e+04
9.372000000000000000e+04
9.409400000000000000e+04
1.113100000000000000e+05
1.072680000000000000e+05
1.077860000000000000e+05
1.070490000000000000e+05
9.547200000000000000e+04
9.686500000000000000e+04
1.105120000000000000e+05
9.686700000000000000e+04
9.680400000000000000e+04
1.057660000000000000e+05
9.545200000000000000e+04
1.092060000000000000e+05
9.783100000000000000e+04
9.696200000000000000e+04
1.037380000000000000e+05
9.706200000000000000e+04
9.144700000000000000e+04
1.098020000000000000e+05
1.059530000000000000e+05
1.030630000000000000e+05
8.901100000000000000e+04
1.099540000000000000e+05
9.712700000000000000e+04
1.063570000000000000e+05
1.112370000000000000e+05
9.312700000000000000e+04
1.065130000000000000e+05
1.022310000000000000e+05
1.018310000000000000e+05
9.241200000000000000e+04
9.387000000000000000e+04
9.576600000000000000e+04
1.021420000000000000e+05
1.017270000000000000e+05
1.096370000000000000e+05
1.010410000000000000e+05
9.894300000000000000e+04
1.106090000000000000e+05
1.076280000000000000e+05
1.038290000000000000e+05
1.021060000000000000e+05
1.043750000000000000e+05
1.043770000000000000e+05
1.002900000000000000e+05
1.112140000000000000e+05
1.022690000000000000e+05
1.087490000000000000e+05
9.349100000000000000e+04
1.077300000000000000e+05
9.830200000000000000e+04
9.972000000000000000e+04
8.896200000000000000e+04
1.085790000000000000e+05
9.917600000000000000e+04
1.080360000000000000e+05
9.962800000000000000e+04
9.370900000000000000e+04
1.059310000000000000e+05
1.079330000000000000e+05
1.096230000000000000e+05
9.636500000000000000e+04
1.025720000000000000e+05
1.082630000000000000e+05
9.882200000000000000e+04
9.234100000000000000e+04
1.084640000000000000e+05
8.925500000000000000e+04
9.118400000000000000e+04
1.040670000000000000e+05
1.011740000000000000e+05
9.193300000000000000e+04
9.698800000000000000e+04
1.090440000000000000e+05
8.963800000000000000e+04
1.018640000000000000e+05
1.063750000000000000e+05
1.048320000000000000e+05
1.000530000000000000e+05
8.844200000000000000e+04
9.553400000000000000e+04
9.970900000000000000e+04
1.080590000000000000e+05
9.044300000000000000e+04
1.060330000000000000e+05
1.066360000000000000e+05
1.012660000000000000e+05
9.934800000000000000e+04
1.097960000000000000e+05
1.112480000000000000e+05
1.065450000000000000e+05
1.025910000000000000e+05
9.065100000000000000e+04
8.877600000000000000e+04
9.752400000000000000e+04
9.472200000000000000e+04
1.025970000000000000e+05
1.078630000000000000e+05
1.080870000000000000e+05
9.848300000000000000e+04
1.051890000000000000e+05
1.066710000000000000e+05
9.396700000000000000e+04
1.066900000000000000e+05
9.667100000000000000e+04
1.113620000000000000e+05
1.115450000000000000e+05
9.736900000000000000e+04
1.070580000000000000e+05
1.084700000000000000e+05
1.116780000000000000e+05
9.073900000000000000e+04
1.068470000000000000e+05
9.052200000000000000e+04
1.028420000000000000e+05
8.823800000000000000e+04
8.821800000000000000e+04
9.429600000000000000e+04
9.844100000000000000e+04
9.644800000000000000e+04
1.053820000000000000e+05
9.371700000000000000e+04
9.509900000000000000e+04
9.520800000000000000e+04
1.063640000000000000e+05
1.043800000000000000e+05
1.059820000000000000e+05
1.038420000000000000e+05
9.891300000000000000e+04
1.046950000000000000e+05
1.006120000000000000e+05
9.312900000000000000e+04
9.246700000000000000e+04
1.083520000000000000e+05
1.098730000000000000e+05
1.059480000000000000e+05
8.932600000000000000e+04
9.429800000000000000e+04
9.733400000000000000e+04
1.044140000000000000e+05
8.954900000000000000e+04
9.645200000000000000e+04
9.431100000000000000e+04
9.859800000000000000e+04
9.792100000000000000e+04
8.983400000000000000e+04
1.042390000000000000e+05
9.030100000000000000e+04
9.409200000000000000e+04
9.599900000000000000e+04
1.068070000000000000e+05
8.954200000000000000e+04
1.058160000000000000e+05
9.857700000000000000e+04
1.002390000000000000e+05
1.051470000000000000e+05
1.061880000000000000e+05
1.085770000000000000e+05
9.474300000000000000e+04
1.101430000000000000e+05
1.020310000000000000e+05
9.036900000000000000e+04
1.104610000000000000e+05
9.749500000000000000e+04
9.307400000000000000e+04
1.111810000000000000e+05
1.088840000000000000e+05
1.070370000000000000e+05
1.025980000000000000e+05
9.904700000000000000e+04
1.068320000000000000e+05
9.962700000000000000e+04
9.316700000000000000e+04
8.873100000000000000e+04
1.057080000000000000e+05
1.107650000000000000e+05
8.927700000000000000e+04
9.894900000000000000e+04
9.238400000000000000e+04
1.059300000000000000e+05
1.060560000000000000e+05
9.972700000000000000e+04
9.214000000000000000e+04
1.108190000000000000e+05
9.851100000000000000e+04
1.101980000000000000e+05
9.912500000000000000e+04
9.285000000000000000e+04
9.336100000000000000e+04
1.047250000000000000e+05
1.073080000000000000e+05
1.085050000000000000e+05
1.054850000000000000e+05
9.152300000000000000e+04
9.345900000000000000e+04
1.111150000000000000e+05
9.561900000000000000e+04
1.108500000000000000e+05
9.433500000000000000e+04
1.012120000000000000e+05
9.030800000000000000e+04
1.064950000000000000e+05
1.046340000000000000e+05
9.643200000000000000e+04
1.047950000000000000e+05
9.910100000000000000e+04
1.097940000000000000e+05
1.026280000000000000e+05
8.835100000000000000e+04
9.853000000000000000e+04
1.100560000000000000e+05
1.097030000000000000e+05
1.070910000000000000e+05
1.063240000000000000e+05
1.028490000000000000e+05
1.116550000000000000e+05
1.000800000000000000e+05
9.602100000000000000e+04
9.488100000000000000e+04
9.917900000000000000e+04
8.947900000000000000e+04
9.149500000000000000e+04
9.261900000000000000e+04
8.989300000000000000e+04
9.692400000000000000e+04
1.082600000000000000e+05
9.690200000000000000e+04
1.035710000000000000e+05
1.017970000000000000e+05
9.976300000000000000e+04
9.521800000000000000e+04
9.054100000000000000e+04
9.427400000000000000e+04
1.077870000000000000e+05
9.531200000000000000e+04
9.740600000000000000e+04
1.085980000000000000e+05
9.358400000000000000e+04
1.081460000000000000e+05
9.638900000000000000e+04
9.709100000000000000e+04
9.594800000000000000e+04
1.030030000000000000e+05
1.108690000000000000e+05
1.044900000000000000e+05
1.010540000000000000e+05
8.899900000000000000e+04
1.103260000000000000e+05
9.006100000000000000e+04
9.014300000000000000e+04
1.110280000000000000e+05
9.653200000000000000e+04
1.059570000000000000e+05
1.018760000000000000e+05
1.074390000000000000e+05
1.061040000000000000e+05
9.077800000000000000e+04
9.325500000000000000e+04
8.864100000000000000e+04
9.055300000000000000e+04
9.623900000000000000e+04
9.996200000000000000e+04
1.067950000000000000e+05
1.049770000000000000e+05
9.825100000000000000e+04
1.612100000000000000e+05
1.437270000000000000e+05
1.370340000000000000e+05
1.591090000000000000e+05
1.503450000000000000e+05
1.288960000000000000e+05
1.465380000000000000e+05
1.517030000000000000e+05
1.401250000000000000e+05
1.456460000000000000e+05
1.490460000000000000e+05
1.407170000000000000e+05
1.591990000000000000e+05
1.540080000000000000e+05
1.539780000000000000e+05
1.620420000000000000e+05
1.473090000000000000e+05
1.615000000000000000e+05
1.438430000000000000e+05
1.405660000000000000e+05
1.429520000000000000e+05
1.291630000000000000e+05
1.558580000000000000e+05
1.292390000000000000e+05
1.599040000000000000e+05
1.411220000000000000e+05
1.594340000000000000e+05
1.564170000000000000e+05
1.369080000000000000e+05
1.493390000000000000e+05
1.324690000000000000e+05
1.517680000000000000e+05
1.396320000000000000e+05
1.590890000000000000e+05
1.527750000000000000e+05
1.467210000000000000e+05
1.494670000000000000e+05
1.497270000000000000e+05
1.605310000000000000e+05
1.602860000000000000e+05
1.417010000000000000e+05
1.537530000000000000e+05
1.296720000000000000e+05
1.425280000000000000e+05
1.325690000000000000e+05
1.371140000000000000e+05
1.295580000000000000e+05
1.473680000000000000e+05
1.364370000000000000e+05
1.431760000000000000e+05
1.401310000000000000e+05
1.520050000000000000e+05
1.572330000000000000e+05
1.512400000000000000e+05
1.441130000000000000e+05
1.598650000000000000e+05
1.492900000000000000e+05
1.578020000000000000e+05
1.577490000000000000e+05
1.388610000000000000e+05
1.336290000000000000e+05
1.332190000000000000e+05
1.591150000000000000e+05
1.284320000000000000e+05
1.457810000000000000e+05
1.583610000000000000e+05
1.490240000000000000e+05
1.506790000000000000e+05
1.555340000000000000e+05
1.364830000000000000e+05
1.437500000000000000e+05
1.379880000000000000e+05
1.335400000000000000e+05
1.509260000000000000e+05
1.400080000000000000e+05
1.538340000000000000e+05
1.465270000000000000e+05
1.550340000000000000e+05
1.509830000000000000e+05
1.531290000000000000e+05
1.276420000000000000e+05
1.399770000000000000e+05
1.575190000000000000e+05
1.453090000000000000e+05
1.542540000000000000e+05
1.379750000000000000e+05
1.333080000000000000e+05
1.570620000000000000e+05
1.566420000000000000e+05
1.326600000000000000e+05
1.607580000000000000e+05
1.468280000000000000e+05
1.491740000000000000e+05
1.541380000000000000e+05
1.430500000000000000e+05
1.394470000000000000e+05
1.616280000000000000e+05
1.471150000000000000e+05
1.483260000000000000e+05
1.402560000000000000e+05
1.485800000000000000e+05
1.398610000000000000e+05
1.567780000000000000e+05
1.594780000000000000e+05
1.385710000000000000e+05
1.413420000000000000e+05
1.324150000000000000e+05
1.286690000000000000e+05
1.448060000000000000e+05
1.490160000000000000e+05
1.493700000000000000e+05
1.285900000000000000e+05
1.550620000000000000e+05
1.549500000000000000e+05
1.409600000000000000e+05
1.321260000000000000e+05
1.451060000000000000e+05
1.543320000000000000e+05
1.610900000000000000e+05
1.334860000000000000e+05
1.414090000000000000e+05
1.501030000000000000e+05
1.478260000000000000e+05
1.571410000000000000e+05
1.443270000000000000e+05
1.295480000000000000e+05
1.405850000000000000e+05
1.293490000000000000e+05
1.362750000000000000e+05
1.427680000000000000e+05
1.515010000000000000e+05
1.527270000000000000e+05
1.449730000000000000e+05
1.536430000000000000e+05
1.476700000000000000e+05
1.336260000000000000e+05
1.615130000000000000e+05
1.278600000000000000e+05
1.327920000000000000e+05
1.296160000000000000e+05
1.397960000000000000e+05
1.565780000000000000e+05
1.555280000000000000e+05
1.409630000000000000e+05
1.607440000000000000e+05
1.523940000000000000e+05
1.499310000000000000e+05
1.322820000000000000e+05
1.495470000000000000e+05
1.598750000000000000e+05
1.577840000000000000e+05
1.587340000000000000e+05
1.588920000000000000e+05
1.394810000000000000e+05
1.592290000000000000e+05
1.421950000000000000e+05
1.585100000000000000e+05
1.524040000000000000e+05
1.440670000000000000e+05
1.608770000000000000e+05
1.334460000000000000e+05
1.497740000000000000e+05
1.567620000000000000e+05
1.596430000000000000e+05
1.492280000000000000e+05
1.582690000000000000e+05
1.457290000000000000e+05
1.574460000000000000e+05
1.484950000000000000e+05
1.459980000000000000e+05
1.469550000000000000e+05
1.325160000000000000e+05
1.498470000000000000e+05
1.603150000000000000e+05
1.431490000000000000e+05
1.374800000000000000e+05
1.373580000000000000e+05
1.616320000000000000e+05
1.322210000000000000e+05
1.548400000000000000e+05
1.415380000000000000e+05
1.614600000000000000e+05
1.581550000000000000e+05
1.337270000000000000e+05
1.362550000000000000e+05
1.548960000000000000e+05
1.564050000000000000e+05
1.554430000000000000e+05
1.395500000000000000e+05
1.521830000000000000e+05
1.620970000000000000e+05
1.462340000000000000e+05
1.613520000000000000e+05
1.453620000000000000e+05
1.482390000000000000e+05
1.432440000000000000e+05
1.557500000000000000e+05
1.601100000000000000e+05
1.570480000000000000e+05
1.501490000000000000e+05
1.487400000000000000e+05
1.515300000000000000e+05
1.617820000000000000e+05
1.549390000000000000e+05
1.500100000000000000e+05
1.467150000000000000e+05
1.613770000000000000e+05
1.583010000000000000e+05
1.504610000000000000e+05
1.466400000000000000e+05
1.553130000000000000e+05
1.525500000000000000e+05
1.282240000000000000e+05
1.517860000000000000e+05
1.504790000000000000e+05
1.445490000000000000e+05
1.413590000000000000e+05
1.281210000000000000e+05
1.390480000000000000e+05
1.391200000000000000e+05
1.417180000000000000e+05
1.523460000000000000e+05
1.487760000000000000e+05
1.448630000000000000e+05
1.425620000000000000e+05
1.607390000000000000e+05
1.389050000000000000e+05
1.334480000000000000e+05
1.587930000000000000e+05
1.282450000000000000e+05
1.554160000000000000e+05
1.585340000000000000e+05
1.553210000000000000e+05
1.431880000000000000e+05
1.536450000000000000e+05
1.283740000000000000e+05
1.539360000000000000e+05
1.294890000000000000e+05
1.448350000000000000e+05
1.537800000000000000e+05
1.559880000000000000e+05
1.580680000000000000e+05
1.545310000000000000e+05
1.291220000000000000e+05
1.453890000000000000e+05
1.470940000000000000e+05
1.610310000000000000e+05
1.281820000000000000e+05
1.484960000000000000e+05
1.483980000000000000e+05
1.393750000000000000e+05
1.378260000000000000e+05
1.520220000000000000e+05
1.333560000000000000e+05
1.418200000000000000e+05
1.518660000000000000e+05
1.331190000000000000e+05
1.366430000000000000e+05
1.496110000000000000e+05
1.550850000000000000e+05
1.458550000000000000e+05
1.620400000000000000e+05
1.293570000000000000e+05
1.401840000000000000e+05
1.389610000000000000e+05
1.535430000000000000e+05
1.452270000000000000e+05
1.431140000000000000e+05
1.379030000000000000e+05
1.546790000000000000e+05
1.616030000000000000e+05
1.276550000000000000e+05
1.447370000000000000e+05
1.580210000000000000e+05
1.529400000000000000e+05
1.366670000000000000e+05
1.594040000000000000e+05
1.550880000000000000e+05
1.521010000000000000e+05
1.447870000000000000e+05
1.511650000000000000e+05
1.424920000000000000e+05
1.514770000000000000e+05
1.498550000000000000e+05
1.598190000000000000e+05
1.581530000000000000e+05
1.575300000000000000e+05
1.596330000000000000e+05
1.585740000000000000e+05
1.524020000000000000e+05
1.380980000000000000e+05
1.439780000000000000e+05
1.328580000000000000e+05
1.613060000000000000e+05
1.610130000000000000e+05
1.485690000000000000e+05
1.591220000000000000e+05
1.282420000000000000e+05
1.415370000000000000e+05
1.593290000000000000e+05
1.321310000000000000e+05
1.593260000000000000e+05
1.472860000000000000e+05
1.557350000000000000e+05
1.458260000000000000e+05
1.521760000000000000e+05
1.591080000000000000e+05
1.518910000000000000e+05
1.508820000000000000e+05
1.470200000000000000e+05
1.604020000000000000e+05
1.520060000000000000e+05
1.587800000000000000e+05
1.535850000000000000e+05
1.436130000000000000e+05
1.332390000000000000e+05
1.476360000000000000e+05
1.474760000000000000e+05
1.443590000000000000e+05
1.532940000000000000e+05
1.492090000000000000e+05
1.287240000000000000e+05
1.501270000000000000e+05
1.592590000000000000e+05
1.520360000000000000e+05
1.610700000000000000e+05
1.516740000000000000e+05
1.497540000000000000e+05
1.289310000000000000e+05
1.621140000000000000e+05
1.392480000000000000e+05
1.327310000000000000e+05
1.426240000000000000e+05
1.586450000000000000e+05
1.517570000000000000e+05
1.442050000000000000e+05
1.331300000000000000e+05
1.386850000000000000e+05
1.428360000000000000e+05
1.509400000000000000e+05
1.332410000000000000e+05
1.517610000000000000e+05
1.611900000000000000e+05
1.612270000000000000e+05
1.493080000000000000e+05
1.375770000000000000e+05
1.394910000000000000e+05
1.282000000000000000e+05
1.543690000000000000e+05
1.288120000000000000e+05
1.475740000000000000e+05
1.331830000000000000e+05
1.456080000000000000e+05
1.438710000000000000e+05
1.443610000000000000e+05
1.532140000000000000e+05
1.592830000000000000e+05
1.605960000000000000e+05
1.616590000000000000e+05
1.527720000000000000e+05
1.415660000000000000e+05
1.390920000000000000e+05
1.521850000000000000e+05
1.459190000000000000e+05
1.408760000000000000e+05
1.371490000000000000e+05
1.572580000000000000e+05
1.296010000000000000e+05
1.439070000000000000e+05
1.557210000000000000e+05
1.569130000000000000e+05
1.414410000000000000e+05
1.483920000000000000e+05
1.605940000000000000e+05
1.561890000000000000e+05
1.377040000000000000e+05
1.504410000000000000e+05
1.458660000000000000e+05
1.567000000000000000e+05
1.464390000000000000e+05
1.289760000000000000e+05
1.479060000000000000e+05
1.577120000000000000e+05
1.542800000000000000e+05
1.601030000000000000e+05
1.413940000000000000e+05
1.519330000000000000e+05
1.388500000000000000e+05
1.587820000000000000e+05
1.581830000000000000e+05
1.459840000000000000e+05
1.449980000000000000e+05
1.509710000000000000e+05
1.326360000000000000e+05
1.370670000000000000e+05
1.481050000000000000e+05
1.336800000000000000e+05
1.377760000000000000e+05
1.418220000000000000e+05
1.277070000000000000e+05
1.482800000000000000e+05
1.612430000000000000e+05
1.402530000000000000e+05
1.605690000000000000e+05
1.369760000000000000e+05
1.446670000000000000e+05
1.446040000000000000e+05
1.503870000000000000e+05
1.360790000000000000e+05
1.595130000000000000e+05
1.430930000000000000e+05
1.366700000000000000e+05
1.318260000000000000e+05
1.558570000000000000e+05
1.588300000000000000e+05
1.436650000000000000e+05
1.498400000000000000e+05
1.498380000000000000e+05
1.570020000000000000e+05
1.324940000000000000e+05
1.413050000000000000e+05
1.283900000000000000e+05
1.397900000000000000e+05
1.408320000000000000e+05
1.386170000000000000e+05
6.452500000000000000e+04
5.851300000000000000e+04
6.090100000000000000e+04
6.846400000000000000e+04
3.913000000000000000e+04
4.249300000000000000e+04
6.670100000000000000e+04
2.913300000000000000e+04
6.485000000000000000e+04
5.699800000000000000e+04
4.172600000000000000e+04
4.043200000000000000e+04
5.204300000000000000e+04
4.464800000000000000e+04
7.337200000000000000e+04
7.488300000000000000e+04
6.334500000000000000e+04
5.744300000000000000e+04
4.270400000000000000e+04
8.592000000000000000e+04
8.668000000000000000e+04
7.536300000000000000e+04
4.764400000000000000e+04
4.193500000000000000e+04
5.897100000000000000e+04
4.356200000000000000e+04
2.921400000000000000e+04
7.457600000000000000e+04
3.673500000000000000e+04
5.213000000000000000e+04
5.787400000000000000e+04
7.514200000000000000e+04
8.283900000000000000e+04
6.973400000000000000e+04
5.388600000000000000e+04
4.889600000000000000e+04
3.408400000000000000e+04
8.120500000000000000e+04
4.095200000000000000e+04
6.771400000000000000e+04
6.018200000000000000e+04
7.833900000000000000e+04
8.222000000000000000e+04
7.416000000000000000e+04
7.472900000000000000e+04
5.091000000000000000e+04
8.337300000000000000e+04
5.131200000000000000e+04
3.571800000000000000e+04
5.077400000000000000e+04
4.350200000000000000e+04
5.957600000000000000e+04
6.895400000000000000e+04
5.971900000000000000e+04
3.633900000000000000e+04
3.159400000000000000e+04
3.617700000000000000e+04
4.901700000000000000e+04
7.306100000000000000e+04
5.211700000000000000e+04
2.982800000000000000e+04
8.346900000000000000e+04
2.939900000000000000e+04
3.571500000000000000e+04
8.622700000000000000e+04
2.988600000000000000e+04
7.869900000000000000e+04
4.931200000000000000e+04
5.102400000000000000e+04
4.819400000000000000e+04
3.916100000000000000e+04
3.502600000000000000e+04
4.319100000000000000e+04
5.815700000000000000e+04
6.646800000000000000e+04
7.628700000000000000e+04
7.870100000000000000e+04
7.582200000000000000e+04
6.723600000000000000e+04
8.262600000000000000e+04
7.931400000000000000e+04
6.205800000000000000e+04
5.391700000000000000e+04
7.477100000000000000e+04
5.910700000000000000e+04
5.961900000000000000e+04
8.643500000000000000e+04
4.019600000000000000e+04
8.325300000000000000e+04
3.784900000000000000e+04
3.222600000000000000e+04
8.231800000000000000e+04
3.419400000000000000e+04
3.614500000000000000e+04
3.422500000000000000e+04
4.126100000000000000e+04
7.273900000000000000e+04
5.187400000000000000e+04
3.710100000000000000e+04
5.946000000000000000e+04
7.267400000000000000e+04
6.521200000000000000e+04
6.035400000000000000e+04
5.185600000000000000e+04
7.305400000000000000e+04
8.615600000000000000e+04
8.236500000000000000e+04
3.792900000000000000e+04
2.912600000000000000e+04
3.381300000000000000e+04
6.848300000000000000e+04
8.651100000000000000e+04
5.317900000000000000e+04
6.429000000000000000e+04
4.051500000000000000e+04
6.641300000000000000e+04
7.006300000000000000e+04
4.033400000000000000e+04
5.421500000000000000e+04
4.206200000000000000e+04
7.160300000000000000e+04
4.237600000000000000e+04
3.511600000000000000e+04
5.175000000000000000e+04
6.241300000000000000e+04
8.603700000000000000e+04
5.141500000000000000e+04
6.170200000000000000e+04
3.443100000000000000e+04
6.322100000000000000e+04
6.787200000000000000e+04
8.351000000000000000e+04
3.761700000000000000e+04
3.615800000000000000e+04
4.137100000000000000e+04
5.325500000000000000e+04
6.099400000000000000e+04
5.735800000000000000e+04
8.571200000000000000e+04
6.253500000000000000e+04
3.422100000000000000e+04
6.335800000000000000e+04
7.323100000000000000e+04
5.748200000000000000e+04
7.652600000000000000e+04
8.137600000000000000e+04
8.012400000000000000e+04
3.359900000000000000e+04
6.608800000000000000e+04
8.023500000000000000e+04
6.207800000000000000e+04
7.806100000000000000e+04
7.698600000000000000e+04
5.220100000000000000e+04
5.751400000000000000e+04
7.539300000000000000e+04
5.968900000000000000e+04
8.488900000000000000e+04
3.636700000000000000e+04
8.047800000000000000e+04
7.045900000000000000e+04
6.610000000000000000e+04
8.563600000000000000e+04
4.640600000000000000e+04
3.985300000000000000e+04
6.474100000000000000e+04
4.103900000000000000e+04
7.676600000000000000e+04
7.201100000000000000e+04
2.870600000000000000e+04
5.914000000000000000e+04
6.937200000000000000e+04
7.532000000000000000e+04
6.217600000000000000e+04
7.825000000000000000e+04
3.050300000000000000e+04
8.507300000000000000e+04
2.985000000000000000e+04
7.067100000000000000e+04
5.243300000000000000e+04
8.360100000000000000e+04
5.378600000000000000e+04
4.148300000000000000e+04
7.233700000000000000e+04
7.798700000000000000e+04
3.555500000000000000e+04
4.024200000000000000e+04
7.006100000000000000e+04
3.164300000000000000e+04
6.865700000000000000e+04
2.980200000000000000e+04
7.452600000000000000e+04
4.963700000000000000e+04
8.293700000000000000e+04
3.304900000000000000e+04
6.312900000000000000e+04
6.722000000000000000e+04
4.440000000000000000e+04
6.469700000000000000e+04
3.994800000000000000e+04
4.754100000000000000e+04
3.091000000000000000e+04
7.414600000000000000e+04
3.343900000000000000e+04
8.294600000000000000e+04
7.174300000000000000e+04
4.653300000000000000e+04
5.835000000000000000e+04
6.339500000000000000e+04
8.402500000000000000e+04
7.366000000000000000e+04
5.135300000000000000e+04
4.962900000000000000e+04
3.504000000000000000e+04
8.636600000000000000e+04
3.237500000000000000e+04
8.510900000000000000e+04
8.099600000000000000e+04
2.997800000000000000e+04
8.202700000000000000e+04
4.344300000000000000e+04
5.198500000000000000e+04
5.339900000000000000e+04
6.990600000000000000e+04
4.933400000000000000e+04
6.854700000000000000e+04
3.656700000000000000e+04
8.116200000000000000e+04
4.243400000000000000e+04
8.239300000000000000e+04
4.443100000000000000e+04
6.084600000000000000e+04
7.122500000000000000e+04
5.360100000000000000e+04
6.425200000000000000e+04
5.273500000000000000e+04
4.313500000000000000e+04
8.636300000000000000e+04
7.675700000000000000e+04
6.553400000000000000e+04
4.269800000000000000e+04
3.468000000000000000e+04
8.612400000000000000e+04
6.478700000000000000e+04
6.363000000000000000e+04
3.078800000000000000e+04
4.800800000000000000e+04
5.366600000000000000e+04
3.807300000000000000e+04
3.380000000000000000e+04
5.802700000000000000e+04
5.773400000000000000e+04
6.216800000000000000e+04
3.603000000000000000e+04
8.104700000000000000e+04
6.374700000000000000e+04
3.113500000000000000e+04
7.193400000000000000e+04
7.507000000000000000e+04
7.147800000000000000e+04
8.355500000000000000e+04
5.127800000000000000e+04
6.617500000000000000e+04
7.378800000000000000e+04
3.992400000000000000e+04
8.070800000000000000e+04
3.066400000000000000e+04
6.016700000000000000e+04
5.401100000000000000e+04
7.403400000000000000e+04
6.344900000000000000e+04
8.380500000000000000e+04
4.605100000000000000e+04
2.969400000000000000e+04
5.104000000000000000e+04
6.856500000000000000e+04
7.164200000000000000e+04
3.965800000000000000e+04
3.946400000000000000e+04
6.492800000000000000e+04
3.193800000000000000e+04
4.778900000000000000e+04
4.082800000000000000e+04
3.161300000000000000e+04
5.139700000000000000e+04
7.856500000000000000e+04
6.493900000000000000e+04
2.908600000000000000e+04
4.989500000000000000e+04
3.465700000000000000e+04
3.197400000000000000e+04
4.067500000000000000e+04
6.870700000000000000e+04
3.692300000000000000e+04
8.421400000000000000e+04
8.514500000000000000e+04
3.405800000000000000e+04
4.960800000000000000e+04
4.858300000000000000e+04
3.305100000000000000e+04
7.221100000000000000e+04
3.025100000000000000e+04
3.469600000000000000e+04
8.387000000000000000e+04
4.296400000000000000e+04
5.271800000000000000e+04
5.923500000000000000e+04
4.687900000000000000e+04
5.181700000000000000e+04
6.786400000000000000e+04
4.055500000000000000e+04
7.276000000000000000e+04
7.731200000000000000e+04
5.010700000000000000e+04
4.450500000000000000e+04
5.187000000000000000e+04
5.377500000000000000e+04
6.275700000000000000e+04
5.141800000000000000e+04
8.637800000000000000e+04
6.681500000000000000e+04
6.952800000000000000e+04
7.019500000000000000e+04
6.526000000000000000e+04
6.561800000000000000e+04
4.938300000000000000e+04
4.423700000000000000e+04
5.878500000000000000e+04
4.243100000000000000e+04
3.221900000000000000e+04
6.091200000000000000e+04
5.929600000000000000e+04
7.108600000000000000e+04
4.847900000000000000e+04
7.902400000000000000e+04
4.917800000000000000e+04
6.008300000000000000e+04
3.499800000000000000e+04
5.057700000000000000e+04
6.539800000000000000e+04
3.990300000000000000e+04
6.020900000000000000e+04
3.161200000000000000e+04
6.883000000000000000e+04
3.548200000000000000e+04
3.947600000000000000e+04
7.206200000000000000e+04
4.242700000000000000e+04
7.101600000000000000e+04
6.121000000000000000e+04
5.097700000000000000e+04
7.808700000000000000e+04
5.027700000000000000e+04
7.247200000000000000e+04
3.676400000000000000e+04
3.290600000000000000e+04
4.778400000000000000e+04
8.086100000000000000e+04
5.446900000000000000e+04
6.308800000000000000e+04
6.503600000000000000e+04
5.334600000000000000e+04
7.587200000000000000e+04
4.616000000000000000e+04
7.141600000000000000e+04
4.818000000000000000e+04
8.135000000000000000e+04
2.901400000000000000e+04
3.428400000000000000e+04
3.339400000000000000e+04
4.785100000000000000e+04
5.172700000000000000e+04
6.325700000000000000e+04
3.176200000000000000e+04
3.129900000000000000e+04
4.882500000000000000e+04
3.778200000000000000e+04
3.334600000000000000e+04
5.921400000000000000e+04
4.627700000000000000e+04
4.720800000000000000e+04
7.397500000000000000e+04
5.429700000000000000e+04
7.439600000000000000e+04
8.682600000000000000e+04
6.656400000000000000e+04
7.187000000000000000e+04
5.375000000000000000e+04
6.724600000000000000e+04
3.967500000000000000e+04
3.559400000000000000e+04
7.785100000000000000e+04
8.647900000000000000e+04
8.562900000000000000e+04
5.930600000000000000e+04
6.881100000000000000e+04
8.096000000000000000e+04
3.051300000000000000e+04
7.168900000000000000e+04
4.173800000000000000e+04
8.202400000000000000e+04
8.558300000000000000e+04
7.701000000000000000e+04
7.519400000000000000e+04
3.945600000000000000e+04
7.388200000000000000e+04
6.879000000000000000e+04
8.336700000000000000e+04
5.145200000000000000e+04
3.586200000000000000e+04
4.228700000000000000e+04
6.336100000000000000e+04
8.291900000000000000e+04
8.042800000000000000e+04
8.672300000000000000e+04
5.163300000000000000e+04
3.761000000000000000e+04
4.972600000000000000e+04
3.280400000000000000e+04
8.230300000000000000e+04
4.029600000000000000e+04
6.940300000000000000e+04
5.003500000000000000e+04
4.146300000000000000e+04
5.004700000000000000e+04
8.052700000000000000e+04
6.340800000000000000e+04
6.116100000000000000e+04
5.061400000000000000e+04
3.777900000000000000e+04
3.307500000000000000e+04
8.290500000000000000e+04
4.083200000000000000e+04
5.764400000000000000e+04
6.229100000000000000e+04
2.948600000000000000e+04
3.477600000000000000e+04
7.287500000000000000e+04
7.661400000000000000e+04
7.003100000000000000e+04
3.605700000000000000e+04
5.422400000000000000e+04
8.329600000000000000e+04
3.585200000000000000e+04
5.785800000000000000e+04
4.913600000000000000e+04
5.392100000000000000e+04
4.359100000000000000e+04
5.220000000000000000e+04
6.568500000000000000e+04
7.271300000000000000e+04
5.027100000000000000e+04
4.457000000000000000e+04
7.067200000000000000e+04
4.131800000000000000e+04
4.793700000000000000e+04
3.967600000000000000e+04
7.539700000000000000e+04
7.088900000000000000e+04
8.434300000000000000e+04
6.823200000000000000e+04
2.902100000000000000e+04
3.631700000000000000e+04
3.052800000000000000e+04
7.067000000000000000e+04
7.436600000000000000e+04
8.123500000000000000e+04
7.752700000000000000e+04
7.248900000000000000e+04
6.986200000000000000e+04
8.308000000000000000e+04
7.639700000000000000e+04
6.659400000000000000e+04
6.000400000000000000e+04
4.368100000000000000e+04
3.213900000000000000e+04
6.601100000000000000e+04
4.385700000000000000e+04
4.718000000000000000e+04
8.321000000000000000e+04
8.026500000000000000e+04
4.196600000000000000e+04
3.365200000000000000e+04
3.926900000000000000e+04
8.192300000000000000e+04
4.347500000000000000e+04
5.714100000000000000e+04
5.170700000000000000e+04
3.378900000000000000e+04
8.429600000000000000e+04
5.293700000000000000e+04
7.575500000000000000e+04
3.130300000000000000e+04
5.130400000000000000e+04
6.454000000000000000e+04
2.879800000000000000e+04
3.462800000000000000e+04
7.759100000000000000e+04
7.463800000000000000e+04
7.792200000000000000e+04
8.285900000000000000e+04
8.259000000000000000e+04
7.735100000000000000e+04
6.980800000000000000e+04
7.015900000000000000e+04
3.536600000000000000e+04
4.827100000000000000e+04
8.659500000000000000e+04
4.440300000000000000e+04
8.069500000000000000e+04
8.342700000000000000e+04
4.986600000000000000e+04
3.399200000000000000e+04
6.389800000000000000e+04
7.332100000000000000e+04
8.403200000000000000e+04
3.458200000000000000e+04
7.750000000000000000e+04
5.260800000000000000e+04
4.970200000000000000e+04
8.130600000000000000e+04
5.205800000000000000e+04
7.388700000000000000e+04
6.135000000000000000e+04
4.904500000000000000e+04
6.261000000000000000e+04
6.949000000000000000e+04
4.963900000000000000e+04
6.108100000000000000e+04
3.210100000000000000e+04
5.150900000000000000e+04
6.941100000000000000e+04
6.698900000000000000e+04
4.357600000000000000e+04
7.876500000000000000e+04
3.637900000000000000e+04
5.214300000000000000e+04
5.835800000000000000e+04
7.248500000000000000e+04
3.342200000000000000e+04
3.224000000000000000e+04
8.631600000000000000e+04
5.689200000000000000e+04
5.396800000000000000e+04
7.318900000000000000e+04
7.101300000000000000e+04
6.750700000000000000e+04
5.434700000000000000e+04
5.966500000000000000e+04
5.735200000000000000e+04
7.103500000000000000e+04
4.147100000000000000e+04
2.966300000000000000e+04
3.395200000000000000e+04
4.128300000000000000e+04
6.276900000000000000e+04
6.567300000000000000e+04
2.881200000000000000e+04
4.687500000000000000e+04
7.326300000000000000e+04
7.919300000000000000e+04
6.559300000000000000e+04
8.519700000000000000e+04
6.730400000000000000e+04
4.965700000000000000e+04
7.891100000000000000e+04
4.150900000000000000e+04
3.305600000000000000e+04
7.137200000000000000e+04
5.980900000000000000e+04
8.638500000000000000e+04
8.265300000000000000e+04
8.579200000000000000e+04
8.068400000000000000e+04
8.324600000000000000e+04
4.325100000000000000e+04
3.943100000000000000e+04
3.053400000000000000e+04
4.766200000000000000e+04
5.298100000000000000e+04
4.123100000000000000e+04
8.242600000000000000e+04
7.824500000000000000e+04
3.247600000000000000e+04
5.112800000000000000e+04
7.596700000000000000e+04
3.800000000000000000e+04
4.200000000000000000e+04
7.568400000000000000e+04
4.362700000000000000e+04
6.846500000000000000e+04
3.573300000000000000e+04
8.129200000000000000e+04
7.666100000000000000e+04
6.103600000000000000e+04
7.794300000000000000e+04
5.717400000000000000e+04
3.247500000000000000e+04
4.060200000000000000e+04
6.492700000000000000e+04
7.488100000000000000e+04
3.118100000000000000e+04
4.098800000000000000e+04
3.759700000000000000e+04
8.639700000000000000e+04
8.171200000000000000e+04
7.086800000000000000e+04
3.763000000000000000e+04
8.679300000000000000e+04
3.935800000000000000e+04
8.275700000000000000e+04
8.664100000000000000e+04
7.067400000000000000e+04
7.729800000000000000e+04
7.366400000000000000e+04
7.607400000000000000e+04
3.798800000000000000e+04
4.825900000000000000e+04
5.837000000000000000e+04
5.010900000000000000e+04
4.001300000000000000e+04
6.200800000000000000e+04
7.667000000000000000e+04
7.029700000000000000e+04
7.768000000000000000e+04
6.091900000000000000e+04
4.980500000000000000e+04
4.918500000000000000e+04
8.127800000000000000e+04
7.518400000000000000e+04
5.039700000000000000e+04
6.273500000000000000e+04
6.525300000000000000e+04
3.439800000000000000e+04
5.222700000000000000e+04
4.920900000000000000e+04
3.729000000000000000e+04
5.326800000000000000e+04
8.145200000000000000e+04
4.741500000000000000e+04
4.902200000000000000e+04
8.300500000000000000e+04
5.369200000000000000e+04
5.781300000000000000e+04
4.006500000000000000e+04
4.146000000000000000e+04
7.009600000000000000e+04
4.319900000000000000e+04
5.387500000000000000e+04
7.681900000000000000e+04
8.522500000000000000e+04
7.176000000000000000e+04
5.287700000000000000e+04
8.198200000000000000e+04
5.010100000000000000e+04
4.788900000000000000e+04
6.625500000000000000e+04
8.594000000000000000e+04
5.725600000000000000e+04
6.807800000000000000e+04
3.685800000000000000e+04
7.056700000000000000e+04
6.627500000000000000e+04
3.578500000000000000e+04
3.730200000000000000e+04
7.403200000000000000e+04
4.000700000000000000e+04
2.916100000000000000e+04
3.089800000000000000e+04
7.377500000000000000e+04
6.962300000000000000e+04
6.710700000000000000e+04
8.350300000000000000e+04
4.856100000000000000e+04
4.370300000000000000e+04
6.518700000000000000e+04
5.254900000000000000e+04
3.711400000000000000e+04
7.281000000000000000e+04
6.341100000000000000e+04
7.277800000000000000e+04
7.830600000000000000e+04
4.394800000000000000e+04
4.159300000000000000e+04
6.100300000000000000e+04
4.796500000000000000e+04
6.295000000000000000e+04
6.655800000000000000e+04
7.825600000000000000e+04
5.847400000000000000e+04
7.193900000000000000e+04
6.988800000000000000e+04
8.194000000000000000e+04
4.295200000000000000e+04
7.043900000000000000e+04
7.151900000000000000e+04
3.383500000000000000e+04
8.159000000000000000e+04
7.575600000000000000e+04
6.054500000000000000e+04
4.702300000000000000e+04
5.325300000000000000e+04
5.284200000000000000e+04
8.381700000000000000e+04
5.007000000000000000e+04
3.223200000000000000e+04
3.657500000000000000e+04
7.687000000000000000e+04
6.743500000000000000e+04
4.003500000000000000e+04
7.909900000000000000e+04
8.192600000000000000e+04
3.266900000000000000e+04
7.196500000000000000e+04
5.146900000000000000e+04
4.149400000000000000e+04
4.716500000000000000e+04
3.606400000000000000e+04
6.730100000000000000e+04
8.162200000000000000e+04
8.475700000000000000e+04
3.534300000000000000e+04
4.048300000000000000e+04
3.514800000000000000e+04
8.418900000000000000e+04
7.719400000000000000e+04
6.504800000000000000e+04
3.802900000000000000e+04
8.482100000000000000e+04
7.551600000000000000e+04
5.440500000000000000e+04
5.021500000000000000e+04
3.582000000000000000e+04
3.362200000000000000e+04
6.060500000000000000e+04
6.655000000000000000e+04
5.212400000000000000e+04
3.956100000000000000e+04
4.681800000000000000e+04
7.831000000000000000e+04
8.007000000000000000e+04
8.686300000000000000e+04
6.499400000000000000e+04
4.951300000000000000e+04
6.486300000000000000e+04
3.669900000000000000e+04
3.338900000000000000e+04
8.465000000000000000e+04
2.992900000000000000e+04
8.427600000000000000e+04
8.308400000000000000e+04
8.023000000000000000e+04
4.903000000000000000e+04
6.608200000000000000e+04
2.750900000000000000e+04
2.802100000000000000e+04
2.753500000000000000e+04
2.768500000000000000e+04
2.842100000000000000e+04
2.490000000000000000e+02
2.733900000000000000e+04
2.821500000000000000e+04
2.714200000000000000e+04
2.712300000000000000e+04
2.716500000000000000e+04
2.786200000000000000e+04
2.718600000000000000e+04
2.807500000000000000e+04
2.837600000000000000e+04
1.320000000000000000e+02
2.837900000000000000e+04
2.732900000000000000e+04
2.826200000000000000e+04
2.741300000000000000e+04
2.764600000000000000e+04
1.030000000000000000e+02
1.970000000000000000e+02
2.769400000000000000e+04
2.760200000000000000e+04
2.793600000000000000e+04
2.711600000000000000e+04
2.743000000000000000e+04
2.770600000000000000e+04
2.835300000000000000e+04
2.759000000000000000e+04
2.823100000000000000e+04
2.790200000000000000e+04
2.836600000000000000e+04
2.771300000000000000e+04
2.830400000000000000e+04
2.794000000000000000e+04
2.808700000000000000e+04
2.831100000000000000e+04
2.781100000000000000e+04
2.786100000000000000e+04
2.755200000000000000e+04
2.805200000000000000e+04
1.172310000000000000e+05
1.154650000000000000e+05
1.158660000000000000e+05
1.163480000000000000e+05
1.154670000000000000e+05
1.167400000000000000e+05
1.274470000000000000e+05
1.172580000000000000e+05
1.172640000000000000e+05
1.158230000000000000e+05
1.159360000000000000e+05
1.174310000000000000e+05
1.157430000000000000e+05
1.155860000000000000e+05
1.169950000000000000e+05
1.158320000000000000e+05
1.169430000000000000e+05
1.165350000000000000e+05
1.172690000000000000e+05
1.169920000000000000e+05
1.157130000000000000e+05
1.172660000000000000e+05
1.155900000000000000e+05
1.172400000000000000e+05
1.174540000000000000e+05
1.158690000000000000e+05
1.163490000000000000e+05
1.162730000000000000e+05
1.156540000000000000e+05
1.981100000000000000e+04
2.030800000000000000e+04
2.073700000000000000e+04
2.099800000000000000e+04
2.077700000000000000e+04
2.037200000000000000e+04
1.937000000000000000e+04
2.169900000000000000e+04
1.888900000000000000e+04
1.885400000000000000e+04
2.143100000000000000e+04
2.135500000000000000e+04
1.934200000000000000e+04
2.111200000000000000e+04
2.023700000000000000e+04
2.104600000000000000e+04
2.020400000000000000e+04
2.052300000000000000e+04
2.116300000000000000e+04
2.161400000000000000e+04
1.912900000000000000e+04
1.822000000000000000e+04
2.006600000000000000e+04
1.897100000000000000e+04
1.849300000000000000e+04
2.134300000000000000e+04
1.924000000000000000e+04
1.931500000000000000e+04
1.886300000000000000e+04
2.093000000000000000e+04
2.087300000000000000e+04
2.162300000000000000e+04
2.013800000000000000e+04
2.043400000000000000e+04
1.891700000000000000e+04
2.025500000000000000e+04
1.937300000000000000e+04
1.999100000000000000e+04
1.845200000000000000e+04
2.071500000000000000e+04
2.102300000000000000e+04
2.060400000000000000e+04
1.990800000000000000e+04
2.098300000000000000e+04
1.986300000000000000e+04
2.126400000000000000e+04
1.982300000000000000e+04
2.110400000000000000e+04
2.179000000000000000e+04
1.917100000000000000e+04
2.009700000000000000e+04
2.059400000000000000e+04
1.119550000000000000e+05
1.092960000000000000e+05
1.121480000000000000e+05
1.095660000000000000e+05
1.122600000000000000e+05
1.117830000000000000e+05
1.121970000000000000e+05
1.118010000000000000e+05
1.093840000000000000e+05
8.818000000000000000e+04
1.125290000000000000e+05
1.124270000000000000e+05
1.122770000000000000e+05
9.444800000000000000e+04
1.127120000000000000e+05
1.127810000000000000e+05
1.095250000000000000e+05
1.093750000000000000e+05
1.117330000000000000e+05
8.817300000000000000e+04
1.124650000000000000e+05
1.122440000000000000e+05
1.625420000000000000e+05
1.344320000000000000e+05
1.305710000000000000e+05
1.352840000000000000e+05
1.623840000000000000e+05
1.342070000000000000e+05
1.315490000000000000e+05
1.300080000000000000e+05
1.348790000000000000e+05
1.628640000000000000e+05
1.302400000000000000e+05
1.307470000000000000e+05
1.316920000000000000e+05
1.352170000000000000e+05
1.629530000000000000e+05
1.354390000000000000e+05
1.355040000000000000e+05
1.355370000000000000e+05
1.348960000000000000e+05
1.310360000000000000e+05
1.341860000000000000e+05
1.301880000000000000e+05
1.341580000000000000e+05
1.314220000000000000e+05
1.626670000000000000e+05
1.337930000000000000e+05
1.351460000000000000e+05
1.622090000000000000e+05
1.343130000000000000e+05
1.303850000000000000e+05
1.354350000000000000e+05
1.315070000000000000e+05
1.297300000000000000e+05
1.338870000000000000e+05
1.342460000000000000e+05
1.305280000000000000e+05
1.629660000000000000e+05
1.303060000000000000e+05
1.312500000000000000e+05
1.300300000000000000e+05
1.623440000000000000e+05
1.346780000000000000e+05
1.338010000000000000e+05
1.353200000000000000e+05
1.337920000000000000e+05
1.340990000000000000e+05
1.344770000000000000e+05
1.356020000000000000e+05
1.276160000000000000e+05
1.341050000000000000e+05
1.357690000000000000e+05
1.347990000000000000e+05
1.628700000000000000e+05
1.315360000000000000e+05
1.357440000000000000e+05
1.311680000000000000e+05
1.630270000000000000e+05
1.297740000000000000e+05
1.357150000000000000e+05
1.622910000000000000e+05
1.311510000000000000e+05
1.311570000000000000e+05
1.356610000000000000e+05
1.622250000000000000e+05
1.346200000000000000e+05
1.300870000000000000e+05
1.355810000000000000e+05
1.629500000000000000e+05
1.624210000000000000e+05
1.297060000000000000e+05
1.627150000000000000e+05
1.623800000000000000e+05
1.627650000000000000e+05
1.624090000000000000e+05
1.301420000000000000e+05
1.312640000000000000e+05
1.307850000000000000e+05
4.537900000000000000e+04
5.654300000000000000e+04
5.633700000000000000e+04
5.624400000000000000e+04
5.589400000000000000e+04
5.651100000000000000e+04
8.714100000000000000e+04
5.611300000000000000e+04
7.990500000000000000e+04
5.588400000000000000e+04
4.579900000000000000e+04
5.597400000000000000e+04
4.467900000000000000e+04
8.726700000000000000e+04
5.619100000000000000e+04
8.748100000000000000e+04
8.720700000000000000e+04
5.512600000000000000e+04
5.614100000000000000e+04
4.526000000000000000e+04
5.570600000000000000e+04
4.539600000000000000e+04
4.484100000000000000e+04
5.678500000000000000e+04
3.890400000000000000e+04
8.785500000000000000e+04
5.599700000000000000e+04
3.883300000000000000e+04
4.575900000000000000e+04
5.509200000000000000e+04
5.601500000000000000e+04
4.532800000000000000e+04
4.578000000000000000e+04
3.906300000000000000e+04
6.906200000000000000e+04
4.580100000000000000e+04
4.507100000000000000e+04
4.522300000000000000e+04
5.638500000000000000e+04
8.726600000000000000e+04
4.483700000000000000e+04
3.833300000000000000e+04
4.582500000000000000e+04
4.528400000000000000e+04
3.868700000000000000e+04
4.498900000000000000e+04
3.847400000000000000e+04
4.588900000000000000e+04
5.510000000000000000e+04
3.859100000000000000e+04
4.499600000000000000e+04
4.576800000000000000e+04
3.906500000000000000e+04
3.821700000000000000e+04
4.483200000000000000e+04
5.655200000000000000e+04
3.853900000000000000e+04
5.519200000000000000e+04
4.546900000000000000e+04
5.602800000000000000e+04
5.490000000000000000e+04
4.578300000000000000e+04
8.802900000000000000e+04
5.660600000000000000e+04
8.781600000000000000e+04
8.756000000000000000e+04
5.537800000000000000e+04
4.481500000000000000e+04
4.496200000000000000e+04
5.544100000000000000e+04
6.912800000000000000e+04
5.570800000000000000e+04
4.581000000000000000e+04
4.491100000000000000e+04
3.877600000000000000e+04
4.594600000000000000e+04
4.544900000000000000e+04
5.631700000000000000e+04
8.776100000000000000e+04
8.728200000000000000e+04
8.752400000000000000e+04
8.732800000000000000e+04
4.500700000000000000e+04
4.474000000000000000e+04
