1.090000000000000000e+02
1.262000000000000000e+03
1.625000000000000000e+03
1.936000000000000000e+03
2.300000000000000000e+03
4.341000000000000000e+03
5.451000000000000000e+03
5.674000000000000000e+03
6.682000000000000000e+03
9.570000000000000000e+03
1.009900000000000000e+04
1.018400000000000000e+04
1.053600000000000000e+04
1.298900000000000000e+04
1.370400000000000000e+04
1.380100000000000000e+04
1.386100000000000000e+04
1.390900000000000000e+04
1.404900000000000000e+04
1.556100000000000000e+04
1.578800000000000000e+04
1.630500000000000000e+04
1.632700000000000000e+04
1.665600000000000000e+04
1.753700000000000000e+04
1.774000000000000000e+04
1.821200000000000000e+04
2.043200000000000000e+04
2.058500000000000000e+04
2.063200000000000000e+04
2.119800000000000000e+04
2.260200000000000000e+04
2.391100000000000000e+04
2.393600000000000000e+04
2.453600000000000000e+04
2.482300000000000000e+04
2.674900000000000000e+04
2.694500000000000000e+04
2.719900000000000000e+04
2.797100000000000000e+04
2.823100000000000000e+04
2.864700000000000000e+04
3.113500000000000000e+04
3.230900000000000000e+04
3.386600000000000000e+04
3.419500000000000000e+04
3.657500000000000000e+04
3.738000000000000000e+04
3.834800000000000000e+04
3.855100000000000000e+04
3.897100000000000000e+04
3.905700000000000000e+04
4.053200000000000000e+04
4.055300000000000000e+04
4.191300000000000000e+04
4.293400000000000000e+04
4.433700000000000000e+04
4.552700000000000000e+04
4.670400000000000000e+04
4.741500000000000000e+04
4.828400000000000000e+04
4.873300000000000000e+04
4.936000000000000000e+04
4.945300000000000000e+04
5.005700000000000000e+04
5.117700000000000000e+04
5.159200000000000000e+04
5.478200000000000000e+04
5.574400000000000000e+04
5.601500000000000000e+04
5.654100000000000000e+04
5.702300000000000000e+04
5.763900000000000000e+04
5.765300000000000000e+04
5.769300000000000000e+04
5.796600000000000000e+04
5.801000000000000000e+04
5.858700000000000000e+04
5.879400000000000000e+04
5.982800000000000000e+04
6.044300000000000000e+04
6.073800000000000000e+04
6.148400000000000000e+04
6.207700000000000000e+04
6.217600000000000000e+04
6.220600000000000000e+04
6.230000000000000000e+04
6.272800000000000000e+04
6.273800000000000000e+04
6.282400000000000000e+04
6.316200000000000000e+04
6.346100000000000000e+04
6.357600000000000000e+04
6.410700000000000000e+04
6.418800000000000000e+04
6.524300000000000000e+04
6.801100000000000000e+04
6.809600000000000000e+04
6.856500000000000000e+04
6.883000000000000000e+04
7.042400000000000000e+04
7.126200000000000000e+04
7.231300000000000000e+04
7.371900000000000000e+04
7.375900000000000000e+04
7.459700000000000000e+04
7.483700000000000000e+04
7.558800000000000000e+04
7.566700000000000000e+04
7.569000000000000000e+04
7.805200000000000000e+04
7.805400000000000000e+04
7.805800000000000000e+04
7.895800000000000000e+04
8.035300000000000000e+04
8.165300000000000000e+04
8.183100000000000000e+04
8.325300000000000000e+04
8.417300000000000000e+04
8.460400000000000000e+04
8.522500000000000000e+04
8.532500000000000000e+04
8.602300000000000000e+04
8.602700000000000000e+04
9.045600000000000000e+04
9.155900000000000000e+04
9.176600000000000000e+04
9.228600000000000000e+04
9.233800000000000000e+04
9.263400000000000000e+04
9.277900000000000000e+04
9.349100000000000000e+04
9.387000000000000000e+04
9.488100000000000000e+04
9.509900000000000000e+04
9.514700000000000000e+04
9.543600000000000000e+04
9.559000000000000000e+04
9.649800000000000000e+04
9.700300000000000000e+04
9.795200000000000000e+04
9.810300000000000000e+04
9.826800000000000000e+04
9.870300000000000000e+04
9.886100000000000000e+04
1.000530000000000000e+05
1.012970000000000000e+05
1.036070000000000000e+05
1.060560000000000000e+05
1.076170000000000000e+05
1.082610000000000000e+05
1.091350000000000000e+05
1.097870000000000000e+05
1.105580000000000000e+05
1.109740000000000000e+05
1.111120000000000000e+05
1.122440000000000000e+05
1.123900000000000000e+05
1.131120000000000000e+05
1.142590000000000000e+05
1.144800000000000000e+05
1.150680000000000000e+05
1.153670000000000000e+05
1.165790000000000000e+05
1.171730000000000000e+05
1.173800000000000000e+05
1.178800000000000000e+05
1.182630000000000000e+05
1.200160000000000000e+05
1.204560000000000000e+05
1.206200000000000000e+05
1.208740000000000000e+05
1.239410000000000000e+05
1.242660000000000000e+05
1.247710000000000000e+05
1.255750000000000000e+05
1.256830000000000000e+05
1.257820000000000000e+05
1.270080000000000000e+05
1.277310000000000000e+05
1.277440000000000000e+05
1.285510000000000000e+05
1.286270000000000000e+05
1.289150000000000000e+05
1.291770000000000000e+05
1.292100000000000000e+05
1.298410000000000000e+05
1.313200000000000000e+05
1.315570000000000000e+05
1.325470000000000000e+05
1.327710000000000000e+05
1.328670000000000000e+05
1.334900000000000000e+05
1.335310000000000000e+05
1.354670000000000000e+05
1.355290000000000000e+05
1.358630000000000000e+05
1.388030000000000000e+05
1.390160000000000000e+05
1.390950000000000000e+05
1.402350000000000000e+05
1.408790000000000000e+05
1.421920000000000000e+05
1.432660000000000000e+05
1.436050000000000000e+05
1.439310000000000000e+05
1.482390000000000000e+05
1.484370000000000000e+05
1.485480000000000000e+05
1.507490000000000000e+05
1.519700000000000000e+05
1.520340000000000000e+05
1.526930000000000000e+05
1.546490000000000000e+05
1.552830000000000000e+05
1.555340000000000000e+05
1.557210000000000000e+05
1.557340000000000000e+05
1.558070000000000000e+05
1.563890000000000000e+05
1.567230000000000000e+05
1.572860000000000000e+05
1.578780000000000000e+05
1.600730000000000000e+05
1.609000000000000000e+05
1.615790000000000000e+05
1.620340000000000000e+05
1.621050000000000000e+05
1.622410000000000000e+05
1.623440000000000000e+05
