3.900000000000000000e+01
8.300000000000000000e+01
1.300000000000000000e+02
1.350000000000000000e+02
2.860000000000000000e+02
2.920000000000000000e+02
3.470000000000000000e+02
3.480000000000000000e+02
3.980000000000000000e+02
4.150000000000000000e+02
5.190000000000000000e+02
5.220000000000000000e+02
5.470000000000000000e+02
5.530000000000000000e+02
6.590000000000000000e+02
7.600000000000000000e+02
8.460000000000000000e+02
1.062000000000000000e+03
1.078000000000000000e+03
1.201000000000000000e+03
1.218000000000000000e+03
1.251000000000000000e+03
1.257000000000000000e+03
1.285000000000000000e+03
1.505000000000000000e+03
1.617000000000000000e+03
1.620000000000000000e+03
1.854000000000000000e+03
1.872000000000000000e+03
1.904000000000000000e+03
1.917000000000000000e+03
1.942000000000000000e+03
2.057000000000000000e+03
2.059000000000000000e+03
2.089000000000000000e+03
2.187000000000000000e+03
2.302000000000000000e+03
2.689000000000000000e+03
2.885000000000000000e+03
2.956000000000000000e+03
3.233000000000000000e+03
3.264000000000000000e+03
3.327000000000000000e+03
3.354000000000000000e+03
3.360000000000000000e+03
3.363000000000000000e+03
3.515000000000000000e+03
3.547000000000000000e+03
3.668000000000000000e+03
3.703000000000000000e+03
3.787000000000000000e+03
3.819000000000000000e+03
3.892000000000000000e+03
3.899000000000000000e+03
3.923000000000000000e+03
4.238000000000000000e+03
4.270000000000000000e+03
4.297000000000000000e+03
4.337000000000000000e+03
4.341000000000000000e+03
4.346000000000000000e+03
4.413000000000000000e+03
4.752000000000000000e+03
4.766000000000000000e+03
5.030000000000000000e+03
5.053000000000000000e+03
5.209000000000000000e+03
5.300000000000000000e+03
5.309000000000000000e+03
5.459000000000000000e+03
5.469000000000000000e+03
5.488000000000000000e+03
5.593000000000000000e+03
5.654000000000000000e+03
5.817000000000000000e+03
5.976000000000000000e+03
5.988000000000000000e+03
6.081000000000000000e+03
6.118000000000000000e+03
6.157000000000000000e+03
6.173000000000000000e+03
6.182000000000000000e+03
6.467000000000000000e+03
6.556000000000000000e+03
6.565000000000000000e+03
6.581000000000000000e+03
6.590000000000000000e+03
6.665000000000000000e+03
6.703000000000000000e+03
6.706000000000000000e+03
6.800000000000000000e+03
7.091000000000000000e+03
7.184000000000000000e+03
7.361000000000000000e+03
7.422000000000000000e+03
7.489000000000000000e+03
7.551000000000000000e+03
7.599000000000000000e+03
7.733000000000000000e+03
7.748000000000000000e+03
7.752000000000000000e+03
7.799000000000000000e+03
7.828000000000000000e+03
7.927000000000000000e+03
7.949000000000000000e+03
7.988000000000000000e+03
8.005000000000000000e+03
8.071000000000000000e+03
8.123000000000000000e+03
8.142000000000000000e+03
8.205000000000000000e+03
8.219000000000000000e+03
8.253000000000000000e+03
8.298000000000000000e+03
8.348000000000000000e+03
8.434000000000000000e+03
8.436000000000000000e+03
8.534000000000000000e+03
8.633000000000000000e+03
8.696000000000000000e+03
8.735000000000000000e+03
8.933000000000000000e+03
8.960000000000000000e+03
8.967000000000000000e+03
9.038000000000000000e+03
9.056000000000000000e+03
9.277000000000000000e+03
9.298000000000000000e+03
9.324000000000000000e+03
9.332000000000000000e+03
9.338000000000000000e+03
9.635000000000000000e+03
9.674000000000000000e+03
9.693000000000000000e+03
9.749000000000000000e+03
9.920000000000000000e+03
1.005200000000000000e+04
1.006900000000000000e+04
1.020700000000000000e+04
1.032500000000000000e+04
1.040000000000000000e+04
1.047600000000000000e+04
1.067200000000000000e+04
1.072400000000000000e+04
1.073200000000000000e+04
1.074700000000000000e+04
1.076800000000000000e+04
1.085300000000000000e+04
1.101900000000000000e+04
1.108000000000000000e+04
1.119400000000000000e+04
1.125800000000000000e+04
1.127800000000000000e+04
1.128400000000000000e+04
1.139200000000000000e+04
1.141500000000000000e+04
1.157700000000000000e+04
1.158000000000000000e+04
1.158900000000000000e+04
1.161500000000000000e+04
1.171200000000000000e+04
1.180300000000000000e+04
1.182900000000000000e+04
1.184800000000000000e+04
1.190600000000000000e+04
1.201100000000000000e+04
1.202600000000000000e+04
1.205000000000000000e+04
1.213800000000000000e+04
1.216900000000000000e+04
1.219300000000000000e+04
1.228800000000000000e+04
1.229200000000000000e+04
1.236400000000000000e+04
1.245200000000000000e+04
1.251600000000000000e+04
1.267900000000000000e+04
1.271700000000000000e+04
1.285200000000000000e+04
1.290900000000000000e+04
1.295300000000000000e+04
1.296100000000000000e+04
1.304400000000000000e+04
1.307800000000000000e+04
1.310300000000000000e+04
1.315000000000000000e+04
1.322000000000000000e+04
1.327900000000000000e+04
1.333200000000000000e+04
1.334300000000000000e+04
1.350800000000000000e+04
1.362600000000000000e+04
1.370400000000000000e+04
1.382400000000000000e+04
1.397300000000000000e+04
1.401500000000000000e+04
1.409800000000000000e+04
1.423000000000000000e+04
1.424200000000000000e+04
1.425600000000000000e+04
1.435500000000000000e+04
1.440100000000000000e+04
1.445200000000000000e+04
1.463900000000000000e+04
1.469300000000000000e+04
1.474600000000000000e+04
1.482800000000000000e+04
1.483600000000000000e+04
1.504700000000000000e+04
1.507300000000000000e+04
1.522600000000000000e+04
1.525600000000000000e+04
1.561800000000000000e+04
1.564500000000000000e+04
1.564600000000000000e+04
1.581800000000000000e+04
1.596200000000000000e+04
1.605400000000000000e+04
1.607700000000000000e+04
1.613600000000000000e+04
1.630500000000000000e+04
1.631900000000000000e+04
1.639200000000000000e+04
1.639600000000000000e+04
1.640100000000000000e+04
1.650100000000000000e+04
1.674900000000000000e+04
1.694300000000000000e+04
1.697500000000000000e+04
1.698200000000000000e+04
1.702900000000000000e+04
1.710100000000000000e+04
1.711600000000000000e+04
1.726900000000000000e+04
1.740100000000000000e+04
1.743600000000000000e+04
1.749800000000000000e+04
1.752800000000000000e+04
1.757600000000000000e+04
1.759000000000000000e+04
1.771600000000000000e+04
1.775500000000000000e+04
1.786500000000000000e+04
1.788700000000000000e+04
1.796700000000000000e+04
1.799000000000000000e+04
1.812100000000000000e+04
1.813300000000000000e+04
1.822000000000000000e+04
1.836400000000000000e+04
1.847700000000000000e+04
1.849300000000000000e+04
1.853800000000000000e+04
1.855900000000000000e+04
1.863900000000000000e+04
1.871600000000000000e+04
1.886300000000000000e+04
1.925400000000000000e+04
1.933100000000000000e+04
1.937000000000000000e+04
1.945300000000000000e+04
1.959400000000000000e+04
1.962100000000000000e+04
1.964100000000000000e+04
1.973800000000000000e+04
1.981200000000000000e+04
1.983900000000000000e+04
1.991900000000000000e+04
1.994900000000000000e+04
2.009400000000000000e+04
2.027800000000000000e+04
2.037200000000000000e+04
2.038700000000000000e+04
2.045800000000000000e+04
2.050900000000000000e+04
2.051800000000000000e+04
2.052300000000000000e+04
2.057700000000000000e+04
2.060400000000000000e+04
2.061300000000000000e+04
2.064800000000000000e+04
2.065800000000000000e+04
2.072000000000000000e+04
2.072700000000000000e+04
2.096400000000000000e+04
2.097800000000000000e+04
2.099300000000000000e+04
2.102300000000000000e+04
2.104000000000000000e+04
2.117000000000000000e+04
2.120000000000000000e+04
2.129900000000000000e+04
2.132100000000000000e+04
2.138500000000000000e+04
2.150100000000000000e+04
2.150200000000000000e+04
2.154100000000000000e+04
2.154900000000000000e+04
2.162600000000000000e+04
2.173200000000000000e+04
2.194800000000000000e+04
2.195600000000000000e+04
2.200400000000000000e+04
2.204400000000000000e+04
2.218300000000000000e+04
2.224600000000000000e+04
2.229700000000000000e+04
2.234800000000000000e+04
2.255600000000000000e+04
2.258700000000000000e+04
2.260700000000000000e+04
2.263200000000000000e+04
2.263800000000000000e+04
2.264300000000000000e+04
2.276100000000000000e+04
2.278200000000000000e+04
2.278800000000000000e+04
2.283300000000000000e+04
2.310700000000000000e+04
2.311500000000000000e+04
2.312100000000000000e+04
2.324900000000000000e+04
2.330600000000000000e+04
2.331700000000000000e+04
2.332300000000000000e+04
2.332500000000000000e+04
2.336300000000000000e+04
2.338200000000000000e+04
2.338700000000000000e+04
2.346200000000000000e+04
2.347500000000000000e+04
2.353800000000000000e+04
2.366600000000000000e+04
2.367600000000000000e+04
2.385000000000000000e+04
2.385600000000000000e+04
2.395200000000000000e+04
2.395600000000000000e+04
2.419700000000000000e+04
2.419900000000000000e+04
2.440900000000000000e+04
2.441500000000000000e+04
2.450100000000000000e+04
2.461900000000000000e+04
2.469400000000000000e+04
2.471200000000000000e+04
2.473000000000000000e+04
2.476200000000000000e+04
2.477400000000000000e+04
2.485200000000000000e+04
2.496600000000000000e+04
2.501500000000000000e+04
2.514900000000000000e+04
2.523300000000000000e+04
2.543200000000000000e+04
2.558700000000000000e+04
2.570500000000000000e+04
2.580600000000000000e+04
2.582500000000000000e+04
2.595700000000000000e+04
2.597000000000000000e+04
2.599400000000000000e+04
2.605300000000000000e+04
2.622900000000000000e+04
2.623500000000000000e+04
2.623900000000000000e+04
2.634700000000000000e+04
2.641000000000000000e+04
2.653200000000000000e+04
2.656900000000000000e+04
2.658400000000000000e+04
2.665600000000000000e+04
2.668400000000000000e+04
2.669500000000000000e+04
2.669900000000000000e+04
2.672900000000000000e+04
2.677500000000000000e+04
2.697700000000000000e+04
2.711600000000000000e+04
2.718400000000000000e+04
2.734600000000000000e+04
2.735000000000000000e+04
2.744900000000000000e+04
2.748000000000000000e+04
2.749000000000000000e+04
2.749800000000000000e+04
2.752400000000000000e+04
2.753800000000000000e+04
2.755200000000000000e+04
2.756900000000000000e+04
2.757700000000000000e+04
2.759000000000000000e+04
2.760800000000000000e+04
2.764600000000000000e+04
2.767300000000000000e+04
2.768500000000000000e+04
2.769400000000000000e+04
2.769600000000000000e+04
2.770000000000000000e+04
2.774900000000000000e+04
2.779200000000000000e+04
2.781100000000000000e+04
2.785600000000000000e+04
2.786100000000000000e+04
2.786200000000000000e+04
2.787500000000000000e+04
2.790300000000000000e+04
2.790900000000000000e+04
2.794000000000000000e+04
2.795700000000000000e+04
2.815400000000000000e+04
2.815500000000000000e+04
2.822400000000000000e+04
2.828600000000000000e+04
2.836300000000000000e+04
2.837100000000000000e+04
2.837900000000000000e+04
2.849400000000000000e+04
2.855200000000000000e+04
2.856300000000000000e+04
2.865900000000000000e+04
2.881400000000000000e+04
2.885100000000000000e+04
2.887200000000000000e+04
2.889300000000000000e+04
2.889800000000000000e+04
2.899200000000000000e+04
2.901400000000000000e+04
2.906700000000000000e+04
2.913300000000000000e+04
2.916100000000000000e+04
2.920800000000000000e+04
2.941500000000000000e+04
2.944800000000000000e+04
2.956100000000000000e+04
2.966200000000000000e+04
2.971400000000000000e+04
2.981400000000000000e+04
2.996900000000000000e+04
2.997800000000000000e+04
3.022100000000000000e+04
3.029700000000000000e+04
3.033400000000000000e+04
3.051300000000000000e+04
3.055400000000000000e+04
3.059200000000000000e+04
3.065300000000000000e+04
3.066400000000000000e+04
3.090100000000000000e+04
3.113900000000000000e+04
3.114400000000000000e+04
3.115200000000000000e+04
3.118100000000000000e+04
3.129900000000000000e+04
3.134700000000000000e+04
3.146300000000000000e+04
3.156300000000000000e+04
3.168400000000000000e+04
3.168900000000000000e+04
3.172800000000000000e+04
3.178300000000000000e+04
3.180800000000000000e+04
3.197400000000000000e+04
3.208500000000000000e+04
3.209800000000000000e+04
3.212500000000000000e+04
3.221100000000000000e+04
3.241900000000000000e+04
3.250800000000000000e+04
3.254900000000000000e+04
3.257800000000000000e+04
3.269100000000000000e+04
3.271600000000000000e+04
3.273800000000000000e+04
3.280400000000000000e+04
3.284400000000000000e+04
3.295100000000000000e+04
3.295400000000000000e+04
3.297500000000000000e+04
3.304500000000000000e+04
3.306000000000000000e+04
3.310600000000000000e+04
3.311800000000000000e+04
3.332700000000000000e+04
3.338900000000000000e+04
3.346300000000000000e+04
3.362600000000000000e+04
3.365200000000000000e+04
3.370200000000000000e+04
3.380300000000000000e+04
3.389100000000000000e+04
3.395500000000000000e+04
3.422100000000000000e+04
3.428400000000000000e+04
3.431100000000000000e+04
3.449400000000000000e+04
3.449700000000000000e+04
3.460600000000000000e+04
3.462200000000000000e+04
3.463800000000000000e+04
3.469600000000000000e+04
3.474700000000000000e+04
3.499800000000000000e+04
3.503300000000000000e+04
3.514100000000000000e+04
3.518400000000000000e+04
3.525600000000000000e+04
3.528400000000000000e+04
3.530400000000000000e+04
3.549500000000000000e+04
3.553100000000000000e+04
3.556600000000000000e+04
3.574400000000000000e+04
3.583500000000000000e+04
3.586500000000000000e+04
3.591300000000000000e+04
3.593300000000000000e+04
3.598100000000000000e+04
3.606100000000000000e+04
3.617000000000000000e+04
3.624000000000000000e+04
3.629200000000000000e+04
3.639100000000000000e+04
3.642800000000000000e+04
3.649200000000000000e+04
3.650600000000000000e+04
3.654600000000000000e+04
3.656900000000000000e+04
3.669900000000000000e+04
3.683100000000000000e+04
3.716700000000000000e+04
3.720500000000000000e+04
3.752500000000000000e+04
3.754200000000000000e+04
3.763600000000000000e+04
3.774900000000000000e+04
3.777700000000000000e+04
3.777900000000000000e+04
3.778200000000000000e+04
3.784800000000000000e+04
3.786700000000000000e+04
3.793100000000000000e+04
3.795100000000000000e+04
3.795400000000000000e+04
3.818300000000000000e+04
3.820500000000000000e+04
3.826400000000000000e+04
3.833900000000000000e+04
3.844200000000000000e+04
3.848500000000000000e+04
3.852700000000000000e+04
3.864500000000000000e+04
3.871500000000000000e+04
3.873500000000000000e+04
3.886500000000000000e+04
3.887200000000000000e+04
3.892300000000000000e+04
3.895400000000000000e+04
3.902800000000000000e+04
3.917800000000000000e+04
3.922700000000000000e+04
3.935100000000000000e+04
3.935400000000000000e+04
3.946800000000000000e+04
3.955200000000000000e+04
3.978000000000000000e+04
3.979600000000000000e+04
3.989600000000000000e+04
3.989800000000000000e+04
3.995600000000000000e+04
4.015100000000000000e+04
4.015600000000000000e+04
4.019600000000000000e+04
4.023900000000000000e+04
4.026400000000000000e+04
4.028100000000000000e+04
4.038900000000000000e+04
4.040500000000000000e+04
4.064100000000000000e+04
4.067500000000000000e+04
4.076600000000000000e+04
4.085900000000000000e+04
4.097000000000000000e+04
4.101900000000000000e+04
4.103800000000000000e+04
4.113400000000000000e+04
4.114500000000000000e+04
4.119900000000000000e+04
4.120400000000000000e+04
4.123100000000000000e+04
4.133700000000000000e+04
4.133900000000000000e+04
4.136300000000000000e+04
4.139100000000000000e+04
4.147800000000000000e+04
4.149400000000000000e+04
4.153100000000000000e+04
4.169600000000000000e+04
4.172000000000000000e+04
4.173900000000000000e+04
4.174500000000000000e+04
4.190100000000000000e+04
4.202200000000000000e+04
4.207500000000000000e+04
4.223100000000000000e+04
4.233800000000000000e+04
4.235900000000000000e+04
4.239800000000000000e+04
4.249300000000000000e+04
4.249400000000000000e+04
4.251800000000000000e+04
4.258400000000000000e+04
4.268500000000000000e+04
4.271500000000000000e+04
4.273700000000000000e+04
4.279800000000000000e+04
4.288900000000000000e+04
4.295200000000000000e+04
4.304600000000000000e+04
4.309200000000000000e+04
4.319700000000000000e+04
4.331200000000000000e+04
4.339500000000000000e+04
4.347200000000000000e+04
4.353900000000000000e+04
4.372100000000000000e+04
4.379800000000000000e+04
4.380800000000000000e+04
4.411400000000000000e+04
4.429600000000000000e+04
4.448800000000000000e+04
4.450900000000000000e+04
4.455900000000000000e+04
4.459400000000000000e+04
4.467900000000000000e+04
4.470400000000000000e+04
4.474700000000000000e+04
4.483700000000000000e+04
4.491300000000000000e+04
4.499400000000000000e+04
4.509300000000000000e+04
4.513000000000000000e+04
4.530400000000000000e+04
4.546400000000000000e+04
4.550900000000000000e+04
4.557700000000000000e+04
4.559600000000000000e+04
4.565200000000000000e+04
4.576200000000000000e+04
4.577300000000000000e+04
4.579600000000000000e+04
4.580000000000000000e+04
4.631700000000000000e+04
4.636500000000000000e+04
4.641700000000000000e+04
4.659000000000000000e+04
4.681400000000000000e+04
4.683400000000000000e+04
4.689700000000000000e+04
4.690400000000000000e+04
4.700000000000000000e+04
4.700400000000000000e+04
4.700800000000000000e+04
4.702300000000000000e+04
4.704100000000000000e+04
4.715000000000000000e+04
4.728600000000000000e+04
4.729700000000000000e+04
4.735200000000000000e+04
4.753700000000000000e+04
4.773600000000000000e+04
4.778100000000000000e+04
4.783000000000000000e+04
4.788900000000000000e+04
4.793500000000000000e+04
4.795100000000000000e+04
4.796500000000000000e+04
4.803800000000000000e+04
4.804900000000000000e+04
4.810300000000000000e+04
4.825700000000000000e+04
4.828500000000000000e+04
4.834900000000000000e+04
4.857300000000000000e+04
4.879200000000000000e+04
4.883500000000000000e+04
4.883800000000000000e+04
4.884200000000000000e+04
4.892100000000000000e+04
4.893500000000000000e+04
4.898600000000000000e+04
4.902200000000000000e+04
4.904600000000000000e+04
4.907900000000000000e+04
4.916400000000000000e+04
4.920900000000000000e+04
4.934500000000000000e+04
4.946200000000000000e+04
4.968300000000000000e+04
4.973200000000000000e+04
4.974700000000000000e+04
4.977100000000000000e+04
4.984400000000000000e+04
4.986400000000000000e+04
4.988700000000000000e+04
4.989500000000000000e+04
5.002400000000000000e+04
5.010600000000000000e+04
5.043500000000000000e+04
5.061400000000000000e+04
5.062900000000000000e+04
5.065100000000000000e+04
5.071600000000000000e+04
5.077400000000000000e+04
5.092500000000000000e+04
5.097700000000000000e+04
5.104100000000000000e+04
5.105400000000000000e+04
5.110900000000000000e+04
5.112200000000000000e+04
5.113000000000000000e+04
5.117700000000000000e+04
5.119200000000000000e+04
5.127300000000000000e+04
5.127800000000000000e+04
5.137800000000000000e+04
5.146800000000000000e+04
5.147800000000000000e+04
5.149900000000000000e+04
5.153000000000000000e+04
5.153300000000000000e+04
5.159200000000000000e+04
5.159700000000000000e+04
5.161200000000000000e+04
5.162000000000000000e+04
5.179900000000000000e+04
5.187800000000000000e+04
5.191500000000000000e+04
5.201400000000000000e+04
5.203200000000000000e+04
5.204300000000000000e+04
5.208400000000000000e+04
5.214000000000000000e+04
5.224600000000000000e+04
5.226100000000000000e+04
5.232700000000000000e+04
5.233800000000000000e+04
5.257800000000000000e+04
5.262400000000000000e+04
5.265900000000000000e+04
5.289000000000000000e+04
5.292000000000000000e+04
5.305600000000000000e+04
5.307200000000000000e+04
5.325300000000000000e+04
5.325500000000000000e+04
5.328200000000000000e+04
5.352400000000000000e+04
5.358200000000000000e+04
5.358700000000000000e+04
5.368900000000000000e+04
5.376700000000000000e+04
5.384300000000000000e+04
5.392100000000000000e+04
5.415900000000000000e+04
5.417000000000000000e+04
5.421100000000000000e+04
5.426500000000000000e+04
5.428000000000000000e+04
5.435300000000000000e+04
5.438300000000000000e+04
5.443500000000000000e+04
5.447200000000000000e+04
5.451900000000000000e+04
5.452000000000000000e+04
5.458600000000000000e+04
5.468900000000000000e+04
5.473900000000000000e+04
5.478800000000000000e+04
5.484900000000000000e+04
5.487200000000000000e+04
5.487500000000000000e+04
5.489300000000000000e+04
5.496800000000000000e+04
5.499500000000000000e+04
5.505800000000000000e+04
5.507600000000000000e+04
5.510000000000000000e+04
5.519200000000000000e+04
5.531300000000000000e+04
5.538700000000000000e+04
5.552100000000000000e+04
5.564200000000000000e+04
5.572700000000000000e+04
5.574200000000000000e+04
5.585900000000000000e+04
5.587700000000000000e+04
5.592600000000000000e+04
5.594100000000000000e+04
5.599700000000000000e+04
5.608100000000000000e+04
5.612400000000000000e+04
5.614600000000000000e+04
5.615600000000000000e+04
5.617900000000000000e+04
5.627300000000000000e+04
5.635900000000000000e+04
5.638500000000000000e+04
5.639300000000000000e+04
5.666200000000000000e+04
5.675800000000000000e+04
5.692200000000000000e+04
5.712200000000000000e+04
5.732700000000000000e+04
5.741600000000000000e+04
5.752100000000000000e+04
5.754900000000000000e+04
5.767100000000000000e+04
5.767200000000000000e+04
5.775400000000000000e+04
5.780600000000000000e+04
5.785800000000000000e+04
5.801000000000000000e+04
5.801800000000000000e+04
5.806900000000000000e+04
5.815100000000000000e+04
5.825100000000000000e+04
5.859100000000000000e+04
5.897500000000000000e+04
5.900300000000000000e+04
5.910700000000000000e+04
5.926500000000000000e+04
5.982500000000000000e+04
5.992100000000000000e+04
6.005500000000000000e+04
6.008000000000000000e+04
6.027700000000000000e+04
6.037000000000000000e+04
6.038600000000000000e+04
6.041000000000000000e+04
6.042300000000000000e+04
6.061600000000000000e+04
6.065700000000000000e+04
6.069300000000000000e+04
6.072100000000000000e+04
6.106500000000000000e+04
6.108100000000000000e+04
6.111300000000000000e+04
6.115500000000000000e+04
6.121000000000000000e+04
6.126700000000000000e+04
6.134200000000000000e+04
6.139000000000000000e+04
6.140800000000000000e+04
6.144000000000000000e+04
6.161400000000000000e+04
6.161800000000000000e+04
6.173900000000000000e+04
6.185000000000000000e+04
6.186100000000000000e+04
6.191100000000000000e+04
6.197500000000000000e+04
6.198400000000000000e+04
6.200800000000000000e+04
6.201900000000000000e+04
6.207800000000000000e+04
6.210700000000000000e+04
6.215000000000000000e+04
6.237200000000000000e+04
6.240300000000000000e+04
6.249900000000000000e+04
6.261400000000000000e+04
6.262100000000000000e+04
6.263700000000000000e+04
6.277500000000000000e+04
6.277900000000000000e+04
6.280400000000000000e+04
6.282000000000000000e+04
6.304900000000000000e+04
6.320100000000000000e+04
6.341100000000000000e+04
6.341800000000000000e+04
6.354700000000000000e+04
6.361400000000000000e+04
6.363400000000000000e+04
6.368000000000000000e+04
6.369300000000000000e+04
6.383000000000000000e+04
6.397900000000000000e+04
6.401200000000000000e+04
6.402900000000000000e+04
6.411600000000000000e+04
6.412700000000000000e+04
6.423200000000000000e+04
6.425200000000000000e+04
6.429900000000000000e+04
6.433200000000000000e+04
6.446700000000000000e+04
6.448500000000000000e+04
6.464600000000000000e+04
6.475800000000000000e+04
6.486300000000000000e+04
6.490000000000000000e+04
6.494900000000000000e+04
6.497300000000000000e+04
6.497800000000000000e+04
6.504500000000000000e+04
6.504600000000000000e+04
6.521900000000000000e+04
6.522400000000000000e+04
6.539800000000000000e+04
6.540700000000000000e+04
6.544300000000000000e+04
6.561800000000000000e+04
6.571400000000000000e+04
6.574000000000000000e+04
6.586000000000000000e+04
6.607000000000000000e+04
6.608400000000000000e+04
6.614300000000000000e+04
6.621700000000000000e+04
6.627500000000000000e+04
6.648800000000000000e+04
6.671300000000000000e+04
6.680400000000000000e+04
6.681700000000000000e+04
6.686600000000000000e+04
6.688300000000000000e+04
6.692000000000000000e+04
6.703500000000000000e+04
6.705900000000000000e+04
6.734200000000000000e+04
6.748700000000000000e+04
6.750600000000000000e+04
6.768400000000000000e+04
6.780400000000000000e+04
6.788800000000000000e+04
6.800300000000000000e+04
6.802900000000000000e+04
6.805000000000000000e+04
6.807500000000000000e+04
6.807800000000000000e+04
6.809600000000000000e+04
6.812400000000000000e+04
6.815800000000000000e+04
6.826300000000000000e+04
6.829300000000000000e+04
6.831500000000000000e+04
6.838700000000000000e+04
6.840800000000000000e+04
6.842800000000000000e+04
6.847700000000000000e+04
6.865500000000000000e+04
6.868200000000000000e+04
6.872300000000000000e+04
6.883500000000000000e+04
6.891800000000000000e+04
6.899400000000000000e+04
6.900400000000000000e+04
6.905900000000000000e+04
6.929500000000000000e+04
6.929600000000000000e+04
6.933600000000000000e+04
6.938700000000000000e+04
6.939800000000000000e+04
6.940300000000000000e+04
6.941200000000000000e+04
6.943300000000000000e+04
6.948900000000000000e+04
6.952500000000000000e+04
6.961400000000000000e+04
6.965000000000000000e+04
6.973400000000000000e+04
6.975500000000000000e+04
6.990200000000000000e+04
6.992400000000000000e+04
6.993700000000000000e+04
7.013400000000000000e+04
7.014300000000000000e+04
7.015400000000000000e+04
7.020000000000000000e+04
7.031100000000000000e+04
7.036100000000000000e+04
7.051100000000000000e+04
7.051300000000000000e+04
7.056700000000000000e+04
7.072700000000000000e+04
7.080900000000000000e+04
7.083600000000000000e+04
7.083800000000000000e+04
7.086200000000000000e+04
7.090200000000000000e+04
7.093900000000000000e+04
7.095200000000000000e+04
7.098100000000000000e+04
7.111900000000000000e+04
7.116300000000000000e+04
7.116800000000000000e+04
7.121500000000000000e+04
7.126100000000000000e+04
7.132400000000000000e+04
7.133900000000000000e+04
7.135100000000000000e+04
7.140700000000000000e+04
7.144100000000000000e+04
7.155300000000000000e+04
7.158900000000000000e+04
7.160300000000000000e+04
7.164200000000000000e+04
7.176000000000000000e+04
7.177200000000000000e+04
7.185600000000000000e+04
7.188500000000000000e+04
7.195800000000000000e+04
7.198300000000000000e+04
7.199900000000000000e+04
7.201100000000000000e+04
7.204900000000000000e+04
7.224700000000000000e+04
7.227200000000000000e+04
7.241700000000000000e+04
7.243700000000000000e+04
7.244600000000000000e+04
7.248500000000000000e+04
7.254900000000000000e+04
7.263100000000000000e+04
7.265600000000000000e+04
7.270600000000000000e+04
7.272500000000000000e+04
7.276000000000000000e+04
7.294800000000000000e+04
7.302300000000000000e+04
7.303300000000000000e+04
7.304200000000000000e+04
7.312500000000000000e+04
7.317300000000000000e+04
7.319800000000000000e+04
7.328500000000000000e+04
7.330200000000000000e+04
7.344100000000000000e+04
7.357400000000000000e+04
7.371500000000000000e+04
7.376900000000000000e+04
7.388700000000000000e+04
7.403500000000000000e+04
7.405600000000000000e+04
7.408200000000000000e+04
7.419400000000000000e+04
7.439800000000000000e+04
7.452600000000000000e+04
7.465000000000000000e+04
7.469700000000000000e+04
7.486900000000000000e+04
7.502600000000000000e+04
7.506100000000000000e+04
7.510600000000000000e+04
7.518000000000000000e+04
7.520400000000000000e+04
7.524700000000000000e+04
7.526100000000000000e+04
7.530400000000000000e+04
7.543500000000000000e+04
7.543800000000000000e+04
7.565300000000000000e+04
7.581100000000000000e+04
7.582500000000000000e+04
7.586100000000000000e+04
7.594600000000000000e+04
7.622200000000000000e+04
7.628200000000000000e+04
7.630300000000000000e+04
7.633000000000000000e+04
7.659100000000000000e+04
7.660300000000000000e+04
7.669800000000000000e+04
7.682700000000000000e+04
7.683500000000000000e+04
7.684000000000000000e+04
7.684500000000000000e+04
7.687900000000000000e+04
7.691000000000000000e+04
7.701000000000000000e+04
7.710000000000000000e+04
7.719300000000000000e+04
7.719900000000000000e+04
7.721600000000000000e+04
7.729800000000000000e+04
7.731200000000000000e+04
7.731900000000000000e+04
7.733900000000000000e+04
7.741700000000000000e+04
7.744300000000000000e+04
7.768100000000000000e+04
7.771800000000000000e+04
7.776200000000000000e+04
7.782600000000000000e+04
7.790400000000000000e+04
7.800100000000000000e+04
7.806100000000000000e+04
7.807500000000000000e+04
7.809600000000000000e+04
7.810100000000000000e+04
7.825200000000000000e+04
7.834800000000000000e+04
7.839100000000000000e+04
7.844100000000000000e+04
7.854800000000000000e+04
7.856800000000000000e+04
7.866200000000000000e+04
7.868500000000000000e+04
7.876500000000000000e+04
7.891100000000000000e+04
7.897200000000000000e+04
7.902400000000000000e+04
7.911500000000000000e+04
7.916300000000000000e+04
7.916900000000000000e+04
7.921700000000000000e+04
7.925300000000000000e+04
7.929900000000000000e+04
7.932600000000000000e+04
7.938600000000000000e+04
7.939700000000000000e+04
7.940300000000000000e+04
7.943900000000000000e+04
7.950400000000000000e+04
7.954100000000000000e+04
7.968300000000000000e+04
7.971200000000000000e+04
7.985100000000000000e+04
8.012000000000000000e+04
8.012800000000000000e+04
8.027700000000000000e+04
8.035300000000000000e+04
8.035600000000000000e+04
8.046000000000000000e+04
8.054800000000000000e+04
8.056300000000000000e+04
8.066100000000000000e+04
8.086100000000000000e+04
8.090900000000000000e+04
8.091100000000000000e+04
8.116200000000000000e+04
8.135000000000000000e+04
8.141500000000000000e+04
8.151600000000000000e+04
8.157000000000000000e+04
8.158000000000000000e+04
8.159200000000000000e+04
8.163700000000000000e+04
8.174800000000000000e+04
8.199400000000000000e+04
8.202300000000000000e+04
8.202600000000000000e+04
8.229400000000000000e+04
8.230300000000000000e+04
8.231000000000000000e+04
8.248500000000000000e+04
8.248700000000000000e+04
8.249600000000000000e+04
8.250400000000000000e+04
8.263000000000000000e+04
8.265500000000000000e+04
8.266400000000000000e+04
8.277300000000000000e+04
8.284100000000000000e+04
8.296900000000000000e+04
8.302100000000000000e+04
8.305700000000000000e+04
8.308000000000000000e+04
8.308400000000000000e+04
8.309900000000000000e+04
8.311700000000000000e+04
8.319900000000000000e+04
8.322300000000000000e+04
8.333600000000000000e+04
8.336300000000000000e+04
8.337800000000000000e+04
8.342700000000000000e+04
8.349600000000000000e+04
8.350200000000000000e+04
8.350300000000000000e+04
8.351300000000000000e+04
8.357200000000000000e+04
8.366500000000000000e+04
8.377700000000000000e+04
8.378600000000000000e+04
8.387300000000000000e+04
8.388600000000000000e+04
8.402200000000000000e+04
8.402300000000000000e+04
8.403700000000000000e+04
8.405200000000000000e+04
8.407100000000000000e+04
8.412300000000000000e+04
8.416300000000000000e+04
8.417200000000000000e+04
8.421400000000000000e+04
8.441500000000000000e+04
8.449600000000000000e+04
8.450900000000000000e+04
8.462100000000000000e+04
8.469100000000000000e+04
8.476100000000000000e+04
8.476600000000000000e+04
8.487200000000000000e+04
8.491900000000000000e+04
8.494200000000000000e+04
8.505500000000000000e+04
8.512600000000000000e+04
8.530000000000000000e+04
8.536300000000000000e+04
8.546000000000000000e+04
8.549500000000000000e+04
8.568700000000000000e+04
8.576500000000000000e+04
8.582400000000000000e+04
8.585500000000000000e+04
8.588300000000000000e+04
8.615600000000000000e+04
8.620100000000000000e+04
8.630500000000000000e+04
8.638500000000000000e+04
8.639600000000000000e+04
8.643500000000000000e+04
8.647900000000000000e+04
8.657800000000000000e+04
8.662400000000000000e+04
8.672300000000000000e+04
8.673300000000000000e+04
8.677500000000000000e+04
8.681100000000000000e+04
8.683600000000000000e+04
8.683800000000000000e+04
8.686500000000000000e+04
8.694900000000000000e+04
8.714100000000000000e+04
8.720900000000000000e+04
8.731000000000000000e+04
8.732800000000000000e+04
8.746800000000000000e+04
8.750400000000000000e+04
8.754000000000000000e+04
8.764600000000000000e+04
8.773800000000000000e+04
8.781600000000000000e+04
8.781900000000000000e+04
8.790500000000000000e+04
8.791400000000000000e+04
8.798100000000000000e+04
8.805900000000000000e+04
8.807300000000000000e+04
8.808500000000000000e+04
8.809100000000000000e+04
8.811100000000000000e+04
8.813300000000000000e+04
8.831700000000000000e+04
8.851400000000000000e+04
8.853600000000000000e+04
8.854400000000000000e+04
8.871200000000000000e+04
8.877000000000000000e+04
8.887900000000000000e+04
8.892800000000000000e+04
8.895500000000000000e+04
8.896200000000000000e+04
8.909200000000000000e+04
8.919900000000000000e+04
8.922400000000000000e+04
8.925500000000000000e+04
8.935500000000000000e+04
8.946300000000000000e+04
8.958100000000000000e+04
8.967100000000000000e+04
8.971600000000000000e+04
8.971700000000000000e+04
8.975100000000000000e+04
8.984700000000000000e+04
8.985800000000000000e+04
8.989500000000000000e+04
8.998800000000000000e+04
9.004100000000000000e+04
9.014200000000000000e+04
9.020100000000000000e+04
9.025300000000000000e+04
9.031800000000000000e+04
9.036700000000000000e+04
9.039200000000000000e+04
9.052500000000000000e+04
9.055300000000000000e+04
9.061600000000000000e+04
9.065100000000000000e+04
9.111800000000000000e+04
9.112400000000000000e+04
9.125600000000000000e+04
9.144900000000000000e+04
9.146500000000000000e+04
9.151200000000000000e+04
9.153300000000000000e+04
9.157200000000000000e+04
9.157600000000000000e+04
9.159600000000000000e+04
9.160700000000000000e+04
9.162700000000000000e+04
9.168000000000000000e+04
9.170300000000000000e+04
9.176100000000000000e+04
9.176600000000000000e+04
9.178700000000000000e+04
9.181400000000000000e+04
9.189700000000000000e+04
9.191100000000000000e+04
9.200400000000000000e+04
9.211700000000000000e+04
9.220100000000000000e+04
9.238100000000000000e+04
9.240300000000000000e+04
9.243400000000000000e+04
9.259900000000000000e+04
9.261900000000000000e+04
9.269300000000000000e+04
9.273700000000000000e+04
9.277000000000000000e+04
9.287500000000000000e+04
9.295100000000000000e+04
9.298300000000000000e+04
9.316700000000000000e+04
9.318500000000000000e+04
9.330800000000000000e+04
9.331200000000000000e+04
9.332700000000000000e+04
9.343000000000000000e+04
9.366100000000000000e+04
9.366900000000000000e+04
9.373900000000000000e+04
9.396500000000000000e+04
9.404800000000000000e+04
9.406300000000000000e+04
9.412400000000000000e+04
9.421600000000000000e+04
9.425600000000000000e+04
9.443300000000000000e+04
9.446100000000000000e+04
9.455600000000000000e+04
9.472200000000000000e+04
9.477800000000000000e+04
9.495400000000000000e+04
9.496200000000000000e+04
9.502300000000000000e+04
9.509900000000000000e+04
9.514000000000000000e+04
9.514900000000000000e+04
9.518800000000000000e+04
9.539700000000000000e+04
9.540700000000000000e+04
9.549000000000000000e+04
9.553700000000000000e+04
9.568400000000000000e+04
9.576600000000000000e+04
9.582500000000000000e+04
9.586100000000000000e+04
9.588800000000000000e+04
9.591000000000000000e+04
9.596100000000000000e+04
9.608700000000000000e+04
9.610600000000000000e+04
9.617200000000000000e+04
9.620600000000000000e+04
9.635100000000000000e+04
9.647600000000000000e+04
9.656700000000000000e+04
9.667100000000000000e+04
9.670900000000000000e+04
9.671300000000000000e+04
9.673000000000000000e+04
9.679700000000000000e+04
9.691700000000000000e+04
9.698800000000000000e+04
9.703900000000000000e+04
9.714000000000000000e+04
9.721900000000000000e+04
9.733200000000000000e+04
9.738900000000000000e+04
9.739200000000000000e+04
9.745000000000000000e+04
9.750700000000000000e+04
9.752000000000000000e+04
9.753900000000000000e+04
9.760700000000000000e+04
9.764000000000000000e+04
9.776100000000000000e+04
9.777600000000000000e+04
9.781300000000000000e+04
9.790400000000000000e+04
9.803200000000000000e+04
9.811300000000000000e+04
9.811900000000000000e+04
9.816500000000000000e+04
9.838000000000000000e+04
9.844300000000000000e+04
9.869000000000000000e+04
9.869700000000000000e+04
9.874500000000000000e+04
9.886800000000000000e+04
9.900500000000000000e+04
9.912400000000000000e+04
9.913100000000000000e+04
9.913700000000000000e+04
9.914700000000000000e+04
9.915600000000000000e+04
9.917500000000000000e+04
9.917900000000000000e+04
9.918100000000000000e+04
9.924400000000000000e+04
9.927300000000000000e+04
9.932200000000000000e+04
9.934800000000000000e+04
9.938000000000000000e+04
9.944800000000000000e+04
9.947400000000000000e+04
9.954000000000000000e+04
9.970800000000000000e+04
9.972700000000000000e+04
9.976600000000000000e+04
9.980500000000000000e+04
9.991700000000000000e+04
1.000410000000000000e+05
1.000660000000000000e+05
1.000730000000000000e+05
1.001470000000000000e+05
1.002710000000000000e+05
1.003160000000000000e+05
1.005800000000000000e+05
1.006680000000000000e+05
1.008570000000000000e+05
1.009260000000000000e+05
1.009440000000000000e+05
1.010000000000000000e+05
1.010050000000000000e+05
1.011330000000000000e+05
1.011750000000000000e+05
1.014350000000000000e+05
1.014760000000000000e+05
1.015870000000000000e+05
1.016280000000000000e+05
1.016480000000000000e+05
1.017320000000000000e+05
1.019740000000000000e+05
1.020540000000000000e+05
1.020870000000000000e+05
1.020940000000000000e+05
1.021810000000000000e+05
1.021900000000000000e+05
1.022680000000000000e+05
1.022690000000000000e+05
1.024360000000000000e+05
1.024860000000000000e+05
1.025980000000000000e+05
1.026280000000000000e+05
1.026460000000000000e+05
1.027040000000000000e+05
1.027190000000000000e+05
1.027990000000000000e+05
1.028580000000000000e+05
1.029210000000000000e+05
1.029360000000000000e+05
1.029590000000000000e+05
1.030620000000000000e+05
1.032920000000000000e+05
1.032970000000000000e+05
1.033030000000000000e+05
1.033200000000000000e+05
1.036400000000000000e+05
1.037610000000000000e+05
1.038200000000000000e+05
1.038300000000000000e+05
1.038890000000000000e+05
1.039780000000000000e+05
1.039800000000000000e+05
1.041120000000000000e+05
1.041140000000000000e+05
1.041170000000000000e+05
1.043770000000000000e+05
1.043800000000000000e+05
1.044450000000000000e+05
1.045030000000000000e+05
1.045260000000000000e+05
1.045430000000000000e+05
1.046930000000000000e+05
1.047270000000000000e+05
1.047690000000000000e+05
1.047950000000000000e+05
1.048430000000000000e+05
1.048620000000000000e+05
1.049040000000000000e+05
1.049730000000000000e+05
1.050020000000000000e+05
1.050240000000000000e+05
1.050820000000000000e+05
1.052560000000000000e+05
1.052780000000000000e+05
1.054710000000000000e+05
1.056320000000000000e+05
1.057220000000000000e+05
1.057310000000000000e+05
1.058780000000000000e+05
1.060150000000000000e+05
1.060370000000000000e+05
1.060420000000000000e+05
1.061920000000000000e+05
1.063570000000000000e+05
1.063810000000000000e+05
1.064380000000000000e+05
1.065720000000000000e+05
1.066820000000000000e+05
1.066900000000000000e+05
1.069150000000000000e+05
1.070490000000000000e+05
1.070560000000000000e+05
1.072680000000000000e+05
1.073310000000000000e+05
1.073890000000000000e+05
1.074260000000000000e+05
1.074480000000000000e+05
1.074750000000000000e+05
1.076170000000000000e+05
1.076900000000000000e+05
1.077730000000000000e+05
1.080030000000000000e+05
1.080370000000000000e+05
1.080920000000000000e+05
1.081600000000000000e+05
1.081990000000000000e+05
1.082600000000000000e+05
1.082630000000000000e+05
1.082700000000000000e+05
1.083690000000000000e+05
1.083730000000000000e+05
1.084030000000000000e+05
1.084410000000000000e+05
1.085190000000000000e+05
1.085600000000000000e+05
1.086050000000000000e+05
1.086340000000000000e+05
1.086490000000000000e+05
1.086520000000000000e+05
1.087320000000000000e+05
1.087660000000000000e+05
1.087800000000000000e+05
1.089800000000000000e+05
1.090440000000000000e+05
1.091980000000000000e+05
1.092880000000000000e+05
1.093130000000000000e+05
1.093720000000000000e+05
1.093740000000000000e+05
1.095260000000000000e+05
1.096200000000000000e+05
1.096370000000000000e+05
1.096730000000000000e+05
1.096780000000000000e+05
1.097120000000000000e+05
1.098770000000000000e+05
1.101760000000000000e+05
1.102620000000000000e+05
1.102740000000000000e+05
1.102940000000000000e+05
1.103660000000000000e+05
1.104310000000000000e+05
1.105120000000000000e+05
1.105190000000000000e+05
1.106910000000000000e+05
1.106990000000000000e+05
1.107180000000000000e+05
1.107370000000000000e+05
1.109050000000000000e+05
1.109310000000000000e+05
1.109410000000000000e+05
1.111400000000000000e+05
1.112170000000000000e+05
1.112340000000000000e+05
1.113620000000000000e+05
1.114190000000000000e+05
1.115450000000000000e+05
1.116590000000000000e+05
1.118390000000000000e+05
1.118560000000000000e+05
1.120090000000000000e+05
1.120870000000000000e+05
1.121170000000000000e+05
1.121900000000000000e+05
1.121980000000000000e+05
1.123080000000000000e+05
1.123250000000000000e+05
1.123890000000000000e+05
1.124480000000000000e+05
1.124990000000000000e+05
1.127090000000000000e+05
1.127850000000000000e+05
1.128150000000000000e+05
1.129190000000000000e+05
1.130780000000000000e+05
1.131790000000000000e+05
1.132670000000000000e+05
1.134240000000000000e+05
1.134990000000000000e+05
1.138050000000000000e+05
1.138090000000000000e+05
1.138520000000000000e+05
1.139420000000000000e+05
1.139650000000000000e+05
1.140200000000000000e+05
1.140570000000000000e+05
1.141050000000000000e+05
1.141440000000000000e+05
1.142370000000000000e+05
1.142850000000000000e+05
1.144220000000000000e+05
1.145360000000000000e+05
1.145560000000000000e+05
1.145790000000000000e+05
1.145870000000000000e+05
1.146050000000000000e+05
1.146060000000000000e+05
1.146500000000000000e+05
1.147080000000000000e+05
1.147140000000000000e+05
1.148010000000000000e+05
1.149350000000000000e+05
1.150680000000000000e+05
1.150740000000000000e+05
1.151140000000000000e+05
1.152160000000000000e+05
1.153320000000000000e+05
1.153540000000000000e+05
1.153720000000000000e+05
1.153980000000000000e+05
1.154980000000000000e+05
1.156320000000000000e+05
1.156480000000000000e+05
1.157130000000000000e+05
1.158160000000000000e+05
1.159020000000000000e+05
1.160250000000000000e+05
1.161340000000000000e+05
1.161830000000000000e+05
1.162880000000000000e+05
1.165350000000000000e+05
1.165790000000000000e+05
1.165920000000000000e+05
1.166490000000000000e+05
1.167160000000000000e+05
1.167200000000000000e+05
1.168880000000000000e+05
1.169130000000000000e+05
1.169750000000000000e+05
1.170670000000000000e+05
1.172320000000000000e+05
1.172570000000000000e+05
1.173050000000000000e+05
1.174250000000000000e+05
1.174540000000000000e+05
1.174710000000000000e+05
1.175330000000000000e+05
1.175440000000000000e+05
1.175760000000000000e+05
1.175920000000000000e+05
1.176230000000000000e+05
1.177770000000000000e+05
1.178180000000000000e+05
1.178360000000000000e+05
1.180110000000000000e+05
1.180520000000000000e+05
1.180670000000000000e+05
1.180820000000000000e+05
1.180850000000000000e+05
1.181800000000000000e+05
1.182040000000000000e+05
1.182640000000000000e+05
1.184080000000000000e+05
1.184370000000000000e+05
1.184520000000000000e+05
1.185910000000000000e+05
1.186140000000000000e+05
1.187390000000000000e+05
1.188400000000000000e+05
1.189520000000000000e+05
1.191300000000000000e+05
1.191490000000000000e+05
1.191720000000000000e+05
1.192590000000000000e+05
1.193550000000000000e+05
1.193610000000000000e+05
1.194640000000000000e+05
1.194750000000000000e+05
1.195560000000000000e+05
1.195730000000000000e+05
1.196640000000000000e+05
1.196890000000000000e+05
1.199110000000000000e+05
1.199860000000000000e+05
1.201450000000000000e+05
1.201550000000000000e+05
1.204000000000000000e+05
1.204390000000000000e+05
1.204420000000000000e+05
1.204430000000000000e+05
1.204480000000000000e+05
1.204830000000000000e+05
1.207710000000000000e+05
1.208740000000000000e+05
1.208850000000000000e+05
1.209470000000000000e+05
1.210430000000000000e+05
1.210600000000000000e+05
1.211270000000000000e+05
1.212040000000000000e+05
1.212740000000000000e+05
1.213100000000000000e+05
1.213490000000000000e+05
1.214360000000000000e+05
1.214760000000000000e+05
1.214880000000000000e+05
1.217160000000000000e+05
1.217290000000000000e+05
1.217340000000000000e+05
1.218570000000000000e+05
1.219320000000000000e+05
1.220070000000000000e+05
1.220770000000000000e+05
1.221790000000000000e+05
1.222060000000000000e+05
1.222250000000000000e+05
1.222400000000000000e+05
1.222620000000000000e+05
1.224170000000000000e+05
1.227030000000000000e+05
1.228530000000000000e+05
1.228970000000000000e+05
1.229680000000000000e+05
1.229900000000000000e+05
1.229960000000000000e+05
1.230610000000000000e+05
1.230720000000000000e+05
1.231240000000000000e+05
1.233370000000000000e+05
1.235130000000000000e+05
1.235690000000000000e+05
1.236950000000000000e+05
1.238250000000000000e+05
1.238590000000000000e+05
1.239130000000000000e+05
1.239300000000000000e+05
1.240100000000000000e+05
1.240140000000000000e+05
1.241600000000000000e+05
1.242110000000000000e+05
1.242950000000000000e+05
1.243920000000000000e+05
1.244810000000000000e+05
1.246290000000000000e+05
1.246550000000000000e+05
1.246830000000000000e+05
1.246930000000000000e+05
1.247060000000000000e+05
1.247610000000000000e+05
1.248440000000000000e+05
1.248880000000000000e+05
1.249420000000000000e+05
1.250940000000000000e+05
1.251210000000000000e+05
1.251960000000000000e+05
1.252390000000000000e+05
1.252740000000000000e+05
1.253270000000000000e+05
1.254750000000000000e+05
1.254800000000000000e+05
1.254950000000000000e+05
1.255460000000000000e+05
1.255610000000000000e+05
1.256010000000000000e+05
1.256310000000000000e+05
1.256320000000000000e+05
1.256750000000000000e+05
1.256830000000000000e+05
1.256920000000000000e+05
1.257820000000000000e+05
1.258870000000000000e+05
1.259060000000000000e+05
1.259910000000000000e+05
1.260270000000000000e+05
1.261300000000000000e+05
1.262410000000000000e+05
1.263160000000000000e+05
1.263310000000000000e+05
1.264910000000000000e+05
1.265650000000000000e+05
1.266010000000000000e+05
1.267000000000000000e+05
1.269630000000000000e+05
1.270860000000000000e+05
1.270930000000000000e+05
1.271290000000000000e+05
1.272020000000000000e+05
1.273920000000000000e+05
1.273930000000000000e+05
1.274230000000000000e+05
1.274480000000000000e+05
1.275120000000000000e+05
1.275260000000000000e+05
1.276060000000000000e+05
1.276560000000000000e+05
1.276720000000000000e+05
1.278050000000000000e+05
1.278410000000000000e+05
1.280600000000000000e+05
1.281570000000000000e+05
1.282260000000000000e+05
1.282510000000000000e+05
1.283100000000000000e+05
1.283640000000000000e+05
1.284340000000000000e+05
1.286970000000000000e+05
1.288000000000000000e+05
1.288450000000000000e+05
1.288960000000000000e+05
1.289470000000000000e+05
1.290200000000000000e+05
1.290310000000000000e+05
1.291520000000000000e+05
1.291770000000000000e+05
1.292390000000000000e+05
1.293360000000000000e+05
1.293490000000000000e+05
1.294040000000000000e+05
1.295160000000000000e+05
1.296010000000000000e+05
1.296160000000000000e+05
1.296540000000000000e+05
1.296610000000000000e+05
1.296970000000000000e+05
1.298730000000000000e+05
1.299160000000000000e+05
1.299750000000000000e+05
1.300110000000000000e+05
1.300870000000000000e+05
1.300920000000000000e+05
1.301420000000000000e+05
1.301570000000000000e+05
1.301970000000000000e+05
1.302110000000000000e+05
1.302260000000000000e+05
1.302760000000000000e+05
1.302810000000000000e+05
1.303850000000000000e+05
1.304290000000000000e+05
1.305330000000000000e+05
1.305600000000000000e+05
1.305650000000000000e+05
1.306030000000000000e+05
1.306910000000000000e+05
1.307660000000000000e+05
1.308980000000000000e+05
1.310290000000000000e+05
1.310350000000000000e+05
1.314220000000000000e+05
1.314450000000000000e+05
1.315070000000000000e+05
1.315080000000000000e+05
1.315360000000000000e+05
1.315880000000000000e+05
1.316110000000000000e+05
1.316920000000000000e+05
1.320290000000000000e+05
1.320480000000000000e+05
1.322160000000000000e+05
1.322210000000000000e+05
1.322790000000000000e+05
1.323460000000000000e+05
1.324900000000000000e+05
1.325230000000000000e+05
1.326200000000000000e+05
1.327250000000000000e+05
1.327710000000000000e+05
1.328760000000000000e+05
1.329540000000000000e+05
1.330480000000000000e+05
1.331190000000000000e+05
1.331810000000000000e+05
1.332810000000000000e+05
1.332970000000000000e+05
1.333340000000000000e+05
1.334860000000000000e+05
1.335330000000000000e+05
1.336080000000000000e+05
1.336430000000000000e+05
1.337120000000000000e+05
1.337270000000000000e+05
1.339390000000000000e+05
1.340230000000000000e+05
1.340910000000000000e+05
1.341500000000000000e+05
1.341970000000000000e+05
1.343800000000000000e+05
1.343940000000000000e+05
1.344550000000000000e+05
1.345200000000000000e+05
1.345510000000000000e+05
1.345650000000000000e+05
1.346180000000000000e+05
1.346970000000000000e+05
1.348350000000000000e+05
1.349390000000000000e+05
1.350700000000000000e+05
1.351260000000000000e+05
1.352010000000000000e+05
1.352160000000000000e+05
1.352710000000000000e+05
1.352750000000000000e+05
1.353470000000000000e+05
1.354330000000000000e+05
1.355620000000000000e+05
1.356230000000000000e+05
1.359070000000000000e+05
1.359340000000000000e+05
1.360210000000000000e+05
1.360240000000000000e+05
1.361280000000000000e+05
1.363070000000000000e+05
1.363990000000000000e+05
1.364000000000000000e+05
1.366540000000000000e+05
1.367140000000000000e+05
1.367870000000000000e+05
1.368970000000000000e+05
1.370650000000000000e+05
1.371220000000000000e+05
1.371260000000000000e+05
1.371780000000000000e+05
1.372970000000000000e+05
1.374640000000000000e+05
1.375440000000000000e+05
1.376290000000000000e+05
1.376910000000000000e+05
1.378550000000000000e+05
1.379050000000000000e+05
1.380620000000000000e+05
1.381830000000000000e+05
1.382600000000000000e+05
1.383340000000000000e+05
1.384350000000000000e+05
1.384710000000000000e+05
1.385460000000000000e+05
1.385630000000000000e+05
1.386120000000000000e+05
1.386420000000000000e+05
1.386690000000000000e+05
1.387260000000000000e+05
1.387900000000000000e+05
1.388150000000000000e+05
1.388310000000000000e+05
1.389470000000000000e+05
1.389590000000000000e+05
1.389740000000000000e+05
1.389810000000000000e+05
1.391390000000000000e+05
1.391510000000000000e+05
1.392910000000000000e+05
1.393380000000000000e+05
1.393490000000000000e+05
1.394300000000000000e+05
1.395060000000000000e+05
1.395770000000000000e+05
1.396670000000000000e+05
1.396800000000000000e+05
1.397200000000000000e+05
1.397960000000000000e+05
1.398530000000000000e+05
1.400550000000000000e+05
1.401910000000000000e+05
1.402530000000000000e+05
1.402890000000000000e+05
1.402990000000000000e+05
1.405880000000000000e+05
1.406020000000000000e+05
1.406290000000000000e+05
1.406650000000000000e+05
1.406860000000000000e+05
1.407170000000000000e+05
1.409500000000000000e+05
1.410740000000000000e+05
1.411560000000000000e+05
1.412520000000000000e+05
1.412650000000000000e+05
1.413400000000000000e+05
1.413650000000000000e+05
1.413740000000000000e+05
1.414090000000000000e+05
1.414730000000000000e+05
1.414740000000000000e+05
1.415780000000000000e+05
1.416370000000000000e+05
1.417470000000000000e+05
1.418200000000000000e+05
1.418440000000000000e+05
1.419990000000000000e+05
1.420020000000000000e+05
1.420550000000000000e+05
1.420990000000000000e+05
1.423150000000000000e+05
1.424590000000000000e+05
1.425540000000000000e+05
1.426250000000000000e+05
1.427140000000000000e+05
1.428220000000000000e+05
1.428360000000000000e+05
1.430670000000000000e+05
1.432470000000000000e+05
1.436370000000000000e+05
1.436910000000000000e+05
1.438010000000000000e+05
1.438230000000000000e+05
1.438430000000000000e+05
1.438980000000000000e+05
1.439780000000000000e+05
1.441590000000000000e+05
1.441670000000000000e+05
1.442270000000000000e+05
1.442290000000000000e+05
1.443540000000000000e+05
1.444480000000000000e+05
1.445370000000000000e+05
1.445780000000000000e+05
1.446670000000000000e+05
1.446690000000000000e+05
1.447000000000000000e+05
1.447580000000000000e+05
1.448050000000000000e+05
1.448400000000000000e+05
1.449180000000000000e+05
1.449580000000000000e+05
1.450680000000000000e+05
1.450890000000000000e+05
1.451570000000000000e+05
1.451880000000000000e+05
1.452190000000000000e+05
1.454250000000000000e+05
1.454440000000000000e+05
1.455160000000000000e+05
1.455270000000000000e+05
1.455700000000000000e+05
1.455920000000000000e+05
1.456520000000000000e+05
1.456750000000000000e+05
1.456910000000000000e+05
1.457360000000000000e+05
1.457640000000000000e+05
1.457780000000000000e+05
1.458260000000000000e+05
1.458660000000000000e+05
1.459340000000000000e+05
1.459650000000000000e+05
1.459950000000000000e+05
1.460320000000000000e+05
1.460490000000000000e+05
1.460540000000000000e+05
1.461110000000000000e+05
1.461490000000000000e+05
1.462800000000000000e+05
1.462850000000000000e+05
1.462980000000000000e+05
1.463360000000000000e+05
1.463790000000000000e+05
1.463840000000000000e+05
1.465650000000000000e+05
1.466690000000000000e+05
1.467490000000000000e+05
1.467700000000000000e+05
1.468000000000000000e+05
1.468810000000000000e+05
1.468880000000000000e+05
1.469070000000000000e+05
1.469550000000000000e+05
1.470520000000000000e+05
1.470940000000000000e+05
1.471130000000000000e+05
1.471240000000000000e+05
1.472410000000000000e+05
1.473050000000000000e+05
1.473620000000000000e+05
1.473630000000000000e+05
1.474630000000000000e+05
1.475090000000000000e+05
1.476990000000000000e+05
1.477600000000000000e+05
1.477940000000000000e+05
1.478260000000000000e+05
1.479160000000000000e+05
1.480150000000000000e+05
1.480430000000000000e+05
1.481140000000000000e+05
1.481280000000000000e+05
1.481460000000000000e+05
1.482390000000000000e+05
1.482980000000000000e+05
1.483160000000000000e+05
1.484240000000000000e+05
1.484790000000000000e+05
1.484900000000000000e+05
1.485260000000000000e+05
1.485800000000000000e+05
1.486600000000000000e+05
1.486690000000000000e+05
1.486890000000000000e+05
1.487050000000000000e+05
1.487290000000000000e+05
1.488040000000000000e+05
1.488200000000000000e+05
1.488620000000000000e+05
1.488680000000000000e+05
1.488700000000000000e+05
1.490160000000000000e+05
1.491770000000000000e+05
1.491900000000000000e+05
1.492530000000000000e+05
1.492780000000000000e+05
1.492800000000000000e+05
1.494260000000000000e+05
1.495000000000000000e+05
1.496760000000000000e+05
1.496910000000000000e+05
1.497740000000000000e+05
1.498750000000000000e+05
1.499300000000000000e+05
1.499740000000000000e+05
1.501060000000000000e+05
1.501150000000000000e+05
1.501880000000000000e+05
1.507920000000000000e+05
1.509050000000000000e+05
1.510370000000000000e+05
1.510860000000000000e+05
1.511210000000000000e+05
1.511230000000000000e+05
1.511670000000000000e+05
1.511770000000000000e+05
1.511820000000000000e+05
1.512340000000000000e+05
1.512790000000000000e+05
1.512830000000000000e+05
1.513600000000000000e+05
1.515300000000000000e+05
1.516400000000000000e+05
1.518340000000000000e+05
1.519580000000000000e+05
1.519770000000000000e+05
1.520060000000000000e+05
1.520950000000000000e+05
1.522750000000000000e+05
1.523770000000000000e+05
1.525050000000000000e+05
1.525460000000000000e+05
1.527040000000000000e+05
1.527500000000000000e+05
1.528840000000000000e+05
1.529360000000000000e+05
1.530030000000000000e+05
1.532080000000000000e+05
1.536750000000000000e+05
1.536870000000000000e+05
1.537100000000000000e+05
1.537650000000000000e+05
1.539660000000000000e+05
1.539710000000000000e+05
1.540080000000000000e+05
1.541540000000000000e+05
1.541620000000000000e+05
1.543320000000000000e+05
1.543410000000000000e+05
1.543690000000000000e+05
1.544860000000000000e+05
1.547370000000000000e+05
1.547500000000000000e+05
1.548300000000000000e+05
1.548990000000000000e+05
1.551350000000000000e+05
1.552190000000000000e+05
1.552240000000000000e+05
1.552730000000000000e+05
1.553350000000000000e+05
1.554680000000000000e+05
1.555700000000000000e+05
1.556940000000000000e+05
1.558250000000000000e+05
1.558320000000000000e+05
1.558570000000000000e+05
1.559270000000000000e+05
1.560140000000000000e+05
1.561880000000000000e+05
1.561890000000000000e+05
1.562050000000000000e+05
1.562900000000000000e+05
1.563630000000000000e+05
1.563660000000000000e+05
1.564580000000000000e+05
1.565090000000000000e+05
1.565120000000000000e+05
1.565710000000000000e+05
1.566660000000000000e+05
1.567500000000000000e+05
1.567580000000000000e+05
1.567860000000000000e+05
1.568150000000000000e+05
1.568260000000000000e+05
1.569890000000000000e+05
1.570530000000000000e+05
1.570930000000000000e+05
1.572710000000000000e+05
1.575160000000000000e+05
1.575200000000000000e+05
1.576760000000000000e+05
1.577010000000000000e+05
1.577280000000000000e+05
1.577660000000000000e+05
1.577740000000000000e+05
1.578130000000000000e+05
1.578210000000000000e+05
1.579610000000000000e+05
1.579660000000000000e+05
1.579970000000000000e+05
1.582180000000000000e+05
1.582200000000000000e+05
1.582820000000000000e+05
1.583270000000000000e+05
1.585060000000000000e+05
1.585740000000000000e+05
1.585910000000000000e+05
1.586160000000000000e+05
1.588250000000000000e+05
1.588470000000000000e+05
1.588710000000000000e+05
1.588880000000000000e+05
1.588940000000000000e+05
1.589010000000000000e+05
1.591100000000000000e+05
1.591700000000000000e+05
1.591720000000000000e+05
1.592090000000000000e+05
1.593350000000000000e+05
1.593860000000000000e+05
1.593880000000000000e+05
1.594940000000000000e+05
1.595500000000000000e+05
1.595560000000000000e+05
1.595890000000000000e+05
1.597650000000000000e+05
1.599270000000000000e+05
1.599690000000000000e+05
1.600020000000000000e+05
1.601080000000000000e+05
1.601230000000000000e+05
1.602150000000000000e+05
1.602160000000000000e+05
1.602200000000000000e+05
1.602340000000000000e+05
1.602630000000000000e+05
1.603630000000000000e+05
1.603660000000000000e+05
1.604500000000000000e+05
1.604910000000000000e+05
1.605630000000000000e+05
1.605900000000000000e+05
1.605950000000000000e+05
1.606040000000000000e+05
1.606380000000000000e+05
1.607930000000000000e+05
1.608410000000000000e+05
1.608630000000000000e+05
1.608770000000000000e+05
1.610020000000000000e+05
1.610940000000000000e+05
1.611390000000000000e+05
1.611470000000000000e+05
1.611530000000000000e+05
1.613640000000000000e+05
1.615270000000000000e+05
1.615870000000000000e+05
1.616320000000000000e+05
1.616530000000000000e+05
1.617880000000000000e+05
1.617920000000000000e+05
1.618370000000000000e+05
1.619480000000000000e+05
1.620400000000000000e+05
1.621050000000000000e+05
1.622410000000000000e+05
1.622910000000000000e+05
1.622930000000000000e+05
1.623900000000000000e+05
1.624770000000000000e+05
1.625160000000000000e+05
1.625640000000000000e+05
1.625990000000000000e+05
1.626040000000000000e+05
1.626760000000000000e+05
1.627380000000000000e+05
1.627470000000000000e+05
1.628180000000000000e+05
1.628260000000000000e+05
1.628750000000000000e+05
1.630640000000000000e+05
1.632500000000000000e+05
