3.010000000000000000e+02
3.350000000000000000e+02
3.810000000000000000e+02
5.550000000000000000e+02
8.550000000000000000e+02
9.940000000000000000e+02
1.178000000000000000e+03
1.209000000000000000e+03
1.562000000000000000e+03
1.622000000000000000e+03
1.753000000000000000e+03
1.771000000000000000e+03
1.924000000000000000e+03
2.117000000000000000e+03
2.466000000000000000e+03
2.726000000000000000e+03
2.845000000000000000e+03
2.916000000000000000e+03
3.020000000000000000e+03
3.063000000000000000e+03
3.193000000000000000e+03
3.330000000000000000e+03
3.535000000000000000e+03
3.536000000000000000e+03
3.637000000000000000e+03
3.971000000000000000e+03
4.101000000000000000e+03
4.281000000000000000e+03
4.289000000000000000e+03
4.365000000000000000e+03
4.743000000000000000e+03
4.871000000000000000e+03
5.032000000000000000e+03
5.155000000000000000e+03
5.323000000000000000e+03
5.430000000000000000e+03
5.446000000000000000e+03
5.547000000000000000e+03
5.724000000000000000e+03
5.732000000000000000e+03
6.280000000000000000e+03
6.552000000000000000e+03
6.557000000000000000e+03
6.624000000000000000e+03
6.802000000000000000e+03
6.849000000000000000e+03
7.162000000000000000e+03
7.279000000000000000e+03
7.300000000000000000e+03
7.326000000000000000e+03
7.350000000000000000e+03
7.385000000000000000e+03
7.407000000000000000e+03
7.857000000000000000e+03
7.886000000000000000e+03
8.172000000000000000e+03
8.255000000000000000e+03
8.376000000000000000e+03
6.500570000000000000e+05
6.505230000000000000e+05
6.506660000000000000e+05
6.507960000000000000e+05
6.510210000000000000e+05
6.512770000000000000e+05
6.517110000000000000e+05
6.518810000000000000e+05
6.521540000000000000e+05
6.522900000000000000e+05
6.523440000000000000e+05
6.524030000000000000e+05
6.527280000000000000e+05
6.527560000000000000e+05
6.528040000000000000e+05
6.528870000000000000e+05
6.529740000000000000e+05
6.530650000000000000e+05
6.530960000000000000e+05
6.533460000000000000e+05
6.534010000000000000e+05
6.536580000000000000e+05
6.539890000000000000e+05
6.540800000000000000e+05
6.543030000000000000e+05
6.544580000000000000e+05
6.547210000000000000e+05
6.548450000000000000e+05
6.548590000000000000e+05
6.549350000000000000e+05
6.553920000000000000e+05
6.556460000000000000e+05
6.557450000000000000e+05
6.560690000000000000e+05
6.560790000000000000e+05
6.562190000000000000e+05
6.562990000000000000e+05
6.566880000000000000e+05
6.568170000000000000e+05
6.569000000000000000e+05
6.569490000000000000e+05
6.571320000000000000e+05
6.572650000000000000e+05
6.575310000000000000e+05
6.576150000000000000e+05
6.578480000000000000e+05
6.579940000000000000e+05
6.585200000000000000e+05
6.585940000000000000e+05
6.590260000000000000e+05
6.591150000000000000e+05
6.591250000000000000e+05
6.592590000000000000e+05
6.595530000000000000e+05
6.596870000000000000e+05
6.598220000000000000e+05
6.599090000000000000e+05
6.599230000000000000e+05
6.600470000000000000e+05
6.600910000000000000e+05
6.603560000000000000e+05
6.604000000000000000e+05
6.607530000000000000e+05
6.608400000000000000e+05
6.609370000000000000e+05
6.611260000000000000e+05
6.611510000000000000e+05
6.613340000000000000e+05
6.613880000000000000e+05
6.620870000000000000e+05
6.621190000000000000e+05
6.623140000000000000e+05
6.623190000000000000e+05
6.637360000000000000e+05
6.637480000000000000e+05
6.638000000000000000e+05
6.639190000000000000e+05
6.641780000000000000e+05
6.642450000000000000e+05
6.645250000000000000e+05
6.648690000000000000e+05
6.652050000000000000e+05
6.654340000000000000e+05
6.657140000000000000e+05
6.659270000000000000e+05
6.660100000000000000e+05
6.661010000000000000e+05
6.667220000000000000e+05
6.667440000000000000e+05
6.668750000000000000e+05
6.669080000000000000e+05
6.670330000000000000e+05
6.671090000000000000e+05
6.671230000000000000e+05
6.672310000000000000e+05
6.672860000000000000e+05
6.675760000000000000e+05
6.676450000000000000e+05
6.676580000000000000e+05
6.679440000000000000e+05
6.681170000000000000e+05
6.681840000000000000e+05
6.682850000000000000e+05
6.683160000000000000e+05
6.684250000000000000e+05
6.687520000000000000e+05
6.688670000000000000e+05
6.691420000000000000e+05
6.691450000000000000e+05
6.692180000000000000e+05
6.695560000000000000e+05
6.697020000000000000e+05
6.697680000000000000e+05
6.698900000000000000e+05
6.705310000000000000e+05
6.706650000000000000e+05
6.706840000000000000e+05
6.707780000000000000e+05
6.713090000000000000e+05
6.713190000000000000e+05
6.714710000000000000e+05
6.719570000000000000e+05
6.724560000000000000e+05
6.734090000000000000e+05
6.740480000000000000e+05
6.741980000000000000e+05
6.743610000000000000e+05
6.744680000000000000e+05
6.745500000000000000e+05
6.746880000000000000e+05
6.748120000000000000e+05
6.748540000000000000e+05
6.753530000000000000e+05
6.755580000000000000e+05
6.755610000000000000e+05
6.756990000000000000e+05
6.757140000000000000e+05
6.758740000000000000e+05
6.758970000000000000e+05
6.759590000000000000e+05
6.763670000000000000e+05
6.767100000000000000e+05
6.770230000000000000e+05
6.784160000000000000e+05
6.784630000000000000e+05
6.784710000000000000e+05
6.785620000000000000e+05
6.787220000000000000e+05
6.788260000000000000e+05
6.790360000000000000e+05
6.790410000000000000e+05
6.790720000000000000e+05
6.790730000000000000e+05
6.791350000000000000e+05
6.791700000000000000e+05
6.794520000000000000e+05
6.804960000000000000e+05
6.806470000000000000e+05
6.808560000000000000e+05
6.809100000000000000e+05
6.809660000000000000e+05
6.812500000000000000e+05
6.813920000000000000e+05
6.813960000000000000e+05
6.817410000000000000e+05
6.817450000000000000e+05
6.818570000000000000e+05
6.820800000000000000e+05
6.821150000000000000e+05
6.821500000000000000e+05
6.821810000000000000e+05
6.823940000000000000e+05
6.825130000000000000e+05
6.825420000000000000e+05
6.826620000000000000e+05
6.827340000000000000e+05
6.829640000000000000e+05
6.830280000000000000e+05
6.832680000000000000e+05
6.834580000000000000e+05
6.836300000000000000e+05
6.836720000000000000e+05
6.838270000000000000e+05
6.838830000000000000e+05
6.839150000000000000e+05
6.840510000000000000e+05
6.840540000000000000e+05
6.841850000000000000e+05
6.843870000000000000e+05
6.846390000000000000e+05
6.848100000000000000e+05
6.849960000000000000e+05
6.850640000000000000e+05
6.851280000000000000e+05
6.851640000000000000e+05
6.853890000000000000e+05
6.854240000000000000e+05
6.856960000000000000e+05
6.857460000000000000e+05
6.857700000000000000e+05
6.857760000000000000e+05
6.859410000000000000e+05
6.868540000000000000e+05
6.869190000000000000e+05
6.872590000000000000e+05
6.877310000000000000e+05
6.877930000000000000e+05
6.883490000000000000e+05
6.884540000000000000e+05
6.886830000000000000e+05
6.888240000000000000e+05
6.888500000000000000e+05
6.891020000000000000e+05
6.891400000000000000e+05
6.892280000000000000e+05
6.893610000000000000e+05
6.894120000000000000e+05
6.895730000000000000e+05
6.896440000000000000e+05
6.896860000000000000e+05
6.897090000000000000e+05
6.897670000000000000e+05
6.898510000000000000e+05
6.911030000000000000e+05
6.911350000000000000e+05
6.913170000000000000e+05
6.914360000000000000e+05
6.915280000000000000e+05
6.916170000000000000e+05
6.917270000000000000e+05
6.919950000000000000e+05
6.923080000000000000e+05
6.930760000000000000e+05
