2.885754000000000000e+06
2.885800000000000000e+06
2.885823000000000000e+06
2.885883000000000000e+06
2.885892000000000000e+06
2.885943000000000000e+06
2.886273000000000000e+06
2.886391000000000000e+06
2.886480000000000000e+06
2.887119000000000000e+06
2.887274000000000000e+06
2.887468000000000000e+06
2.887726000000000000e+06
2.887771000000000000e+06
2.887907000000000000e+06
2.887998000000000000e+06
2.888153000000000000e+06
2.888265000000000000e+06
2.888300000000000000e+06
2.888343000000000000e+06
2.888486000000000000e+06
2.888841000000000000e+06
2.888893000000000000e+06
2.888938000000000000e+06
2.888957000000000000e+06
2.889176000000000000e+06
2.889286000000000000e+06
2.889453000000000000e+06
2.889563000000000000e+06
2.889662000000000000e+06
2.889824000000000000e+06
2.889957000000000000e+06
2.890035000000000000e+06
2.890051000000000000e+06
2.890094000000000000e+06
2.890490000000000000e+06
2.890549000000000000e+06
2.890938000000000000e+06
2.891063000000000000e+06
2.891137000000000000e+06
2.891150000000000000e+06
2.891315000000000000e+06
2.891380000000000000e+06
2.891574000000000000e+06
2.891697000000000000e+06
2.891963000000000000e+06
2.892132000000000000e+06
2.892158000000000000e+06
2.892325000000000000e+06
2.892392000000000000e+06
2.892397000000000000e+06
2.892579000000000000e+06
2.892793000000000000e+06
2.892869000000000000e+06
2.892970000000000000e+06
2.893125000000000000e+06
2.894588000000000000e+06
2.894767000000000000e+06
2.895029000000000000e+06
2.895351000000000000e+06
2.895512000000000000e+06
2.895518000000000000e+06
2.895806000000000000e+06
2.895828000000000000e+06
2.895923000000000000e+06
2.895930000000000000e+06
2.896056000000000000e+06
2.896066000000000000e+06
2.896118000000000000e+06
2.896239000000000000e+06
2.896493000000000000e+06
2.896756000000000000e+06
2.896919000000000000e+06
2.896943000000000000e+06
2.896970000000000000e+06
2.897013000000000000e+06
2.897149000000000000e+06
2.897173000000000000e+06
2.897284000000000000e+06
2.897442000000000000e+06
2.897461000000000000e+06
2.897598000000000000e+06
2.897633000000000000e+06
2.898022000000000000e+06
2.898034000000000000e+06
2.898075000000000000e+06
2.898248000000000000e+06
2.898276000000000000e+06
2.898295000000000000e+06
2.898418000000000000e+06
2.898566000000000000e+06
2.899086000000000000e+06
2.899353000000000000e+06
2.899370000000000000e+06
2.899478000000000000e+06
2.899600000000000000e+06
2.899801000000000000e+06
2.899944000000000000e+06
2.900049000000000000e+06
2.900059000000000000e+06
2.900107000000000000e+06
2.900384000000000000e+06
2.900466000000000000e+06
2.900569000000000000e+06
2.900627000000000000e+06
2.900628000000000000e+06
2.900675000000000000e+06
2.901095000000000000e+06
2.901316000000000000e+06
2.901391000000000000e+06
2.901652000000000000e+06
2.901826000000000000e+06
2.901828000000000000e+06
2.901838000000000000e+06
2.902156000000000000e+06
2.902336000000000000e+06
2.902344000000000000e+06
2.902506000000000000e+06
2.902649000000000000e+06
2.902651000000000000e+06
2.902666000000000000e+06
2.902739000000000000e+06
2.902781000000000000e+06
2.902816000000000000e+06
2.903254000000000000e+06
2.903610000000000000e+06
2.903737000000000000e+06
2.903956000000000000e+06
2.903990000000000000e+06
2.904069000000000000e+06
2.904306000000000000e+06
2.904421000000000000e+06
2.904438000000000000e+06
2.904663000000000000e+06
2.904700000000000000e+06
2.905106000000000000e+06
2.905153000000000000e+06
2.905182000000000000e+06
2.905204000000000000e+06
2.905246000000000000e+06
2.905260000000000000e+06
2.905425000000000000e+06
2.905495000000000000e+06
2.905510000000000000e+06
2.905899000000000000e+06
2.905986000000000000e+06
2.906034000000000000e+06
2.906147000000000000e+06
2.906786000000000000e+06
2.906855000000000000e+06
2.906920000000000000e+06
2.906940000000000000e+06
2.907289000000000000e+06
2.907322000000000000e+06
2.907361000000000000e+06
2.907411000000000000e+06
2.907433000000000000e+06
2.907547000000000000e+06
2.907707000000000000e+06
2.907859000000000000e+06
2.907877000000000000e+06
2.908076000000000000e+06
2.908105000000000000e+06
2.908168000000000000e+06
2.908346000000000000e+06
2.908355000000000000e+06
2.908595000000000000e+06
2.908734000000000000e+06
2.908813000000000000e+06
2.908911000000000000e+06
2.909044000000000000e+06
2.909270000000000000e+06
2.909347000000000000e+06
2.909406000000000000e+06
2.909683000000000000e+06
2.909730000000000000e+06
2.909870000000000000e+06
2.909877000000000000e+06
2.910002000000000000e+06
2.910011000000000000e+06
2.910029000000000000e+06
2.910032000000000000e+06
2.910278000000000000e+06
2.910282000000000000e+06
2.910397000000000000e+06
2.910900000000000000e+06
2.911020000000000000e+06
2.911036000000000000e+06
2.911326000000000000e+06
2.911600000000000000e+06
2.911650000000000000e+06
2.911761000000000000e+06
2.912125000000000000e+06
2.912126000000000000e+06
2.912190000000000000e+06
2.912553000000000000e+06
2.912990000000000000e+06
2.913143000000000000e+06
2.913256000000000000e+06
2.913329000000000000e+06
2.913371000000000000e+06
2.913405000000000000e+06
2.913691000000000000e+06
2.913973000000000000e+06
2.913984000000000000e+06
2.914001000000000000e+06
2.914061000000000000e+06
2.914088000000000000e+06
2.914103000000000000e+06
2.914313000000000000e+06
2.914323000000000000e+06
2.914411000000000000e+06
2.914625000000000000e+06
2.914661000000000000e+06
2.914724000000000000e+06
2.914744000000000000e+06
2.915122000000000000e+06
2.915275000000000000e+06
2.915370000000000000e+06
2.915675000000000000e+06
2.915680000000000000e+06
2.915732000000000000e+06
2.915887000000000000e+06
2.916052000000000000e+06
2.916085000000000000e+06
2.916180000000000000e+06
2.916754000000000000e+06
2.916803000000000000e+06
2.916935000000000000e+06
2.917173000000000000e+06
2.917205000000000000e+06
2.917274000000000000e+06
2.917294000000000000e+06
2.917304000000000000e+06
2.917353000000000000e+06
2.917365000000000000e+06
2.917423000000000000e+06
2.917621000000000000e+06
2.917772000000000000e+06
2.917962000000000000e+06
2.917995000000000000e+06
2.918043000000000000e+06
2.918066000000000000e+06
2.918073000000000000e+06
2.918100000000000000e+06
2.918180000000000000e+06
2.918205000000000000e+06
2.918272000000000000e+06
2.918283000000000000e+06
2.918329000000000000e+06
2.919594000000000000e+06
2.919811000000000000e+06
2.919825000000000000e+06
2.919962000000000000e+06
2.920037000000000000e+06
2.920134000000000000e+06
2.920263000000000000e+06
2.920407000000000000e+06
2.920415000000000000e+06
2.920695000000000000e+06
2.920731000000000000e+06
2.921092000000000000e+06
2.921265000000000000e+06
2.921452000000000000e+06
2.921822000000000000e+06
2.922056000000000000e+06
2.922166000000000000e+06
2.922837000000000000e+06
2.923178000000000000e+06
2.923264000000000000e+06
2.923341000000000000e+06
2.923365000000000000e+06
2.923508000000000000e+06
2.923761000000000000e+06
2.923917000000000000e+06
2.924155000000000000e+06
2.924401000000000000e+06
2.924612000000000000e+06
2.924719000000000000e+06
2.924833000000000000e+06
2.925029000000000000e+06
2.925061000000000000e+06
2.925082000000000000e+06
2.925121000000000000e+06
2.925170000000000000e+06
2.925292000000000000e+06
2.925576000000000000e+06
2.925593000000000000e+06
2.926202000000000000e+06
2.926251000000000000e+06
2.926474000000000000e+06
2.926731000000000000e+06
2.926948000000000000e+06
2.926950000000000000e+06
2.926970000000000000e+06
2.927583000000000000e+06
2.927647000000000000e+06
2.927691000000000000e+06
2.928020000000000000e+06
2.928206000000000000e+06
2.928334000000000000e+06
2.928386000000000000e+06
2.928477000000000000e+06
2.928524000000000000e+06
2.928526000000000000e+06
2.928822000000000000e+06
2.928978000000000000e+06
2.929347000000000000e+06
2.929352000000000000e+06
2.929413000000000000e+06
2.929484000000000000e+06
2.930041000000000000e+06
2.930093000000000000e+06
2.930310000000000000e+06
2.930561000000000000e+06
2.930959000000000000e+06
2.931087000000000000e+06
2.931118000000000000e+06
2.931518000000000000e+06
2.931630000000000000e+06
2.931659000000000000e+06
2.931989000000000000e+06
2.932049000000000000e+06
2.932073000000000000e+06
2.932124000000000000e+06
2.932746000000000000e+06
2.933063000000000000e+06
2.933099000000000000e+06
2.933315000000000000e+06
2.933882000000000000e+06
2.933947000000000000e+06
2.934031000000000000e+06
2.934163000000000000e+06
2.934304000000000000e+06
2.934382000000000000e+06
2.934404000000000000e+06
2.934888000000000000e+06
2.934902000000000000e+06
2.935010000000000000e+06
2.935161000000000000e+06
2.935299000000000000e+06
2.935442000000000000e+06
2.935444000000000000e+06
2.935467000000000000e+06
2.936176000000000000e+06
2.936232000000000000e+06
2.936261000000000000e+06
2.936302000000000000e+06
2.936486000000000000e+06
2.936491000000000000e+06
2.937155000000000000e+06
2.937547000000000000e+06
2.937617000000000000e+06
2.937643000000000000e+06
2.937668000000000000e+06
2.937791000000000000e+06
2.937951000000000000e+06
2.937972000000000000e+06
2.937980000000000000e+06
2.938175000000000000e+06
2.938773000000000000e+06
2.938779000000000000e+06
2.938913000000000000e+06
2.939061000000000000e+06
2.939180000000000000e+06
2.939416000000000000e+06
2.939455000000000000e+06
2.939511000000000000e+06
2.939739000000000000e+06
2.940122000000000000e+06
2.940166000000000000e+06
2.940240000000000000e+06
2.940303000000000000e+06
2.940451000000000000e+06
2.940475000000000000e+06
2.940722000000000000e+06
2.940862000000000000e+06
2.941030000000000000e+06
2.941086000000000000e+06
2.941253000000000000e+06
2.941254000000000000e+06
2.941284000000000000e+06
2.941293000000000000e+06
2.941445000000000000e+06
2.941524000000000000e+06
2.941615000000000000e+06
2.941641000000000000e+06
2.941707000000000000e+06
2.941918000000000000e+06
2.942007000000000000e+06
2.942024000000000000e+06
2.942037000000000000e+06
2.942253000000000000e+06
2.942313000000000000e+06
2.942333000000000000e+06
2.942505000000000000e+06
2.942987000000000000e+06
2.943076000000000000e+06
2.943238000000000000e+06
2.943709000000000000e+06
2.943828000000000000e+06
2.943832000000000000e+06
2.944119000000000000e+06
2.944212000000000000e+06
2.944802000000000000e+06
2.944935000000000000e+06
2.945043000000000000e+06
2.945121000000000000e+06
2.945395000000000000e+06
2.945427000000000000e+06
2.945490000000000000e+06
2.945779000000000000e+06
2.945885000000000000e+06
2.945936000000000000e+06
2.945938000000000000e+06
2.946047000000000000e+06
2.946113000000000000e+06
2.946151000000000000e+06
2.946830000000000000e+06
2.946863000000000000e+06
2.946873000000000000e+06
2.946928000000000000e+06
2.947064000000000000e+06
2.947217000000000000e+06
2.947851000000000000e+06
2.947980000000000000e+06
2.948323000000000000e+06
2.948480000000000000e+06
2.948942000000000000e+06
2.948958000000000000e+06
2.949357000000000000e+06
2.949622000000000000e+06
2.949936000000000000e+06
2.950238000000000000e+06
2.950508000000000000e+06
2.950806000000000000e+06
2.950853000000000000e+06
2.950864000000000000e+06
2.951070000000000000e+06
2.951109000000000000e+06
2.951172000000000000e+06
2.951490000000000000e+06
2.951508000000000000e+06
2.951677000000000000e+06
2.951690000000000000e+06
2.951963000000000000e+06
2.952132000000000000e+06
2.952176000000000000e+06
2.952193000000000000e+06
2.952391000000000000e+06
2.952419000000000000e+06
2.952858000000000000e+06
2.952990000000000000e+06
2.953198000000000000e+06
2.953535000000000000e+06
2.953640000000000000e+06
2.953658000000000000e+06
2.953878000000000000e+06
2.953990000000000000e+06
2.954363000000000000e+06
2.954710000000000000e+06
2.954715000000000000e+06
2.954879000000000000e+06
2.955123000000000000e+06
2.955253000000000000e+06
2.955372000000000000e+06
2.955469000000000000e+06
2.955578000000000000e+06
2.955699000000000000e+06
2.955781000000000000e+06
2.955803000000000000e+06
2.955986000000000000e+06
2.956420000000000000e+06
2.956654000000000000e+06
2.956754000000000000e+06
2.957112000000000000e+06
2.957267000000000000e+06
2.957352000000000000e+06
2.957669000000000000e+06
2.957859000000000000e+06
2.958059000000000000e+06
2.958131000000000000e+06
2.958364000000000000e+06
2.958519000000000000e+06
2.958635000000000000e+06
2.958851000000000000e+06
2.958855000000000000e+06
2.958927000000000000e+06
2.958934000000000000e+06
2.959264000000000000e+06
2.959606000000000000e+06
2.959742000000000000e+06
2.959781000000000000e+06
2.959844000000000000e+06
2.960174000000000000e+06
2.960421000000000000e+06
2.960531000000000000e+06
2.960570000000000000e+06
2.960739000000000000e+06
2.960829000000000000e+06
2.960897000000000000e+06
2.960940000000000000e+06
2.961113000000000000e+06
2.961155000000000000e+06
2.961190000000000000e+06
2.961245000000000000e+06
2.961499000000000000e+06
2.961907000000000000e+06
2.961964000000000000e+06
2.962049000000000000e+06
2.962281000000000000e+06
2.962363000000000000e+06
2.962414000000000000e+06
2.962563000000000000e+06
2.962643000000000000e+06
2.962960000000000000e+06
2.962987000000000000e+06
2.963016000000000000e+06
2.963488000000000000e+06
2.963537000000000000e+06
2.963578000000000000e+06
2.963581000000000000e+06
2.963619000000000000e+06
2.963760000000000000e+06
2.964102000000000000e+06
2.964358000000000000e+06
2.964651000000000000e+06
2.964786000000000000e+06
2.964935000000000000e+06
2.964994000000000000e+06
2.965105000000000000e+06
2.965146000000000000e+06
2.965285000000000000e+06
2.965510000000000000e+06
2.965606000000000000e+06
2.965765000000000000e+06
2.966368000000000000e+06
2.966394000000000000e+06
2.966599000000000000e+06
2.966603000000000000e+06
2.966727000000000000e+06
2.966772000000000000e+06
2.966860000000000000e+06
2.966928000000000000e+06
2.967136000000000000e+06
2.967174000000000000e+06
2.967286000000000000e+06
2.967555000000000000e+06
2.967797000000000000e+06
2.967969000000000000e+06
2.968018000000000000e+06
2.968088000000000000e+06
2.968265000000000000e+06
2.968328000000000000e+06
2.968699000000000000e+06
2.968779000000000000e+06
2.968793000000000000e+06
2.968808000000000000e+06
2.968843000000000000e+06
2.968848000000000000e+06
2.968996000000000000e+06
2.969394000000000000e+06
2.969845000000000000e+06
2.970256000000000000e+06
2.970731000000000000e+06
2.970867000000000000e+06
2.970937000000000000e+06
2.971100000000000000e+06
2.971375000000000000e+06
2.971595000000000000e+06
2.971643000000000000e+06
2.971721000000000000e+06
2.972096000000000000e+06
2.972122000000000000e+06
2.972127000000000000e+06
2.972279000000000000e+06
2.972534000000000000e+06
2.972949000000000000e+06
2.973304000000000000e+06
2.973696000000000000e+06
2.973844000000000000e+06
2.973907000000000000e+06
2.973933000000000000e+06
2.974050000000000000e+06
2.974187000000000000e+06
2.974196000000000000e+06
2.974222000000000000e+06
2.974540000000000000e+06
2.974618000000000000e+06
2.975030000000000000e+06
2.975074000000000000e+06
2.975079000000000000e+06
2.975201000000000000e+06
2.975431000000000000e+06
2.975813000000000000e+06
2.975892000000000000e+06
2.975909000000000000e+06
2.976055000000000000e+06
2.976328000000000000e+06
2.976359000000000000e+06
2.976444000000000000e+06
2.976456000000000000e+06
2.976563000000000000e+06
2.977176000000000000e+06
2.977538000000000000e+06
2.977925000000000000e+06
2.978185000000000000e+06
2.978206000000000000e+06
2.978349000000000000e+06
2.978707000000000000e+06
2.979024000000000000e+06
2.979082000000000000e+06
2.979116000000000000e+06
2.979141000000000000e+06
2.979335000000000000e+06
2.979373000000000000e+06
2.979456000000000000e+06
2.979492000000000000e+06
2.979567000000000000e+06
2.979586000000000000e+06
2.979985000000000000e+06
2.979988000000000000e+06
2.980042000000000000e+06
2.980047000000000000e+06
2.980267000000000000e+06
2.980596000000000000e+06
2.980635000000000000e+06
2.980678000000000000e+06
2.980760000000000000e+06
2.980835000000000000e+06
2.980944000000000000e+06
2.981133000000000000e+06
2.981197000000000000e+06
2.981303000000000000e+06
2.981473000000000000e+06
2.981797000000000000e+06
2.981988000000000000e+06
2.982051000000000000e+06
2.982542000000000000e+06
2.982588000000000000e+06
2.982913000000000000e+06
2.982984000000000000e+06
2.983140000000000000e+06
2.983242000000000000e+06
2.983262000000000000e+06
2.983314000000000000e+06
2.983465000000000000e+06
2.983551000000000000e+06
2.983571000000000000e+06
2.983624000000000000e+06
2.983640000000000000e+06
2.983808000000000000e+06
2.984276000000000000e+06
2.984331000000000000e+06
2.984465000000000000e+06
2.984472000000000000e+06
2.984504000000000000e+06
2.984538000000000000e+06
2.984603000000000000e+06
2.984941000000000000e+06
2.985096000000000000e+06
2.985134000000000000e+06
2.985224000000000000e+06
2.985299000000000000e+06
2.985496000000000000e+06
2.985772000000000000e+06
2.985774000000000000e+06
2.986000000000000000e+06
2.986060000000000000e+06
2.986293000000000000e+06
2.986403000000000000e+06
2.986487000000000000e+06
2.986520000000000000e+06
2.986601000000000000e+06
2.986754000000000000e+06
2.986764000000000000e+06
2.986854000000000000e+06
2.986898000000000000e+06
2.987021000000000000e+06
2.987398000000000000e+06
2.987401000000000000e+06
2.988042000000000000e+06
2.988066000000000000e+06
2.988121000000000000e+06
2.988392000000000000e+06
2.988446000000000000e+06
2.988585000000000000e+06
2.988599000000000000e+06
2.988645000000000000e+06
2.988809000000000000e+06
2.988986000000000000e+06
2.989087000000000000e+06
2.989133000000000000e+06
2.989401000000000000e+06
2.989805000000000000e+06
2.989842000000000000e+06
2.989916000000000000e+06
2.989952000000000000e+06
2.990020000000000000e+06
2.990080000000000000e+06
2.990303000000000000e+06
2.990331000000000000e+06
2.990406000000000000e+06
2.990572000000000000e+06
2.990592000000000000e+06
2.990614000000000000e+06
2.991051000000000000e+06
2.991100000000000000e+06
2.991155000000000000e+06
2.991156000000000000e+06
2.991170000000000000e+06
2.991338000000000000e+06
2.991449000000000000e+06
2.991529000000000000e+06
2.991545000000000000e+06
2.991613000000000000e+06
2.991853000000000000e+06
2.991883000000000000e+06
2.991904000000000000e+06
2.991921000000000000e+06
2.992050000000000000e+06
2.992145000000000000e+06
2.992162000000000000e+06
2.992403000000000000e+06
2.992404000000000000e+06
2.992405000000000000e+06
2.992411000000000000e+06
2.992547000000000000e+06
2.992607000000000000e+06
2.992669000000000000e+06
2.992745000000000000e+06
2.993004000000000000e+06
2.993110000000000000e+06
2.993166000000000000e+06
2.993232000000000000e+06
2.993264000000000000e+06
2.993406000000000000e+06
2.993517000000000000e+06
2.993697000000000000e+06
2.993708000000000000e+06
2.993802000000000000e+06
2.993819000000000000e+06
2.994013000000000000e+06
2.994055000000000000e+06
2.994357000000000000e+06
2.994415000000000000e+06
2.994426000000000000e+06
2.994526000000000000e+06
2.994577000000000000e+06
2.994606000000000000e+06
2.994982000000000000e+06
2.995021000000000000e+06
2.995051000000000000e+06
2.995077000000000000e+06
2.995445000000000000e+06
2.995693000000000000e+06
2.995946000000000000e+06
2.996005000000000000e+06
2.996134000000000000e+06
2.996151000000000000e+06
2.996515000000000000e+06
2.996726000000000000e+06
2.997294000000000000e+06
2.997480000000000000e+06
2.997546000000000000e+06
2.997573000000000000e+06
2.997770000000000000e+06
2.998136000000000000e+06
2.998329000000000000e+06
2.998369000000000000e+06
2.998454000000000000e+06
2.998569000000000000e+06
2.998751000000000000e+06
2.998755000000000000e+06
2.999209000000000000e+06
2.999414000000000000e+06
2.999489000000000000e+06
2.999652000000000000e+06
2.999895000000000000e+06
2.999954000000000000e+06
3.000365000000000000e+06
3.000380000000000000e+06
3.000435000000000000e+06
3.000625000000000000e+06
3.000644000000000000e+06
3.001002000000000000e+06
3.001020000000000000e+06
3.001063000000000000e+06
3.001113000000000000e+06
3.001181000000000000e+06
3.001258000000000000e+06
3.001603000000000000e+06
3.001690000000000000e+06
3.001953000000000000e+06
3.002089000000000000e+06
3.002322000000000000e+06
3.002345000000000000e+06
3.002696000000000000e+06
3.002933000000000000e+06
3.003031000000000000e+06
3.003740000000000000e+06
3.003838000000000000e+06
3.004005000000000000e+06
3.004787000000000000e+06
3.004820000000000000e+06
3.004945000000000000e+06
3.005084000000000000e+06
3.005147000000000000e+06
3.005264000000000000e+06
3.005332000000000000e+06
3.005477000000000000e+06
3.005578000000000000e+06
3.005605000000000000e+06
3.005805000000000000e+06
3.005843000000000000e+06
3.005969000000000000e+06
3.005993000000000000e+06
3.007362000000000000e+06
3.007639000000000000e+06
3.007935000000000000e+06
3.008082000000000000e+06
3.008378000000000000e+06
3.008503000000000000e+06
3.008586000000000000e+06
3.008626000000000000e+06
3.008791000000000000e+06
3.009176000000000000e+06
3.009790000000000000e+06
3.010321000000000000e+06
3.010555000000000000e+06
3.010649000000000000e+06
3.010696000000000000e+06
3.010970000000000000e+06
3.011243000000000000e+06
3.011247000000000000e+06
3.011430000000000000e+06
3.012340000000000000e+06
3.012463000000000000e+06
3.012484000000000000e+06
3.012572000000000000e+06
3.012706000000000000e+06
3.012991000000000000e+06
3.013068000000000000e+06
3.013246000000000000e+06
3.013424000000000000e+06
3.013613000000000000e+06
3.013770000000000000e+06
3.013831000000000000e+06
3.014239000000000000e+06
3.014356000000000000e+06
3.014426000000000000e+06
3.014613000000000000e+06
3.014733000000000000e+06
3.014810000000000000e+06
3.015362000000000000e+06
3.015561000000000000e+06
3.015803000000000000e+06
3.016029000000000000e+06
3.017143000000000000e+06
3.017522000000000000e+06
3.017719000000000000e+06
3.017945000000000000e+06
3.018059000000000000e+06
3.018155000000000000e+06
3.018431000000000000e+06
3.018664000000000000e+06
3.018672000000000000e+06
3.018746000000000000e+06
3.018771000000000000e+06
3.018911000000000000e+06
3.019113000000000000e+06
3.019181000000000000e+06
3.019213000000000000e+06
3.019352000000000000e+06
3.019831000000000000e+06
3.019899000000000000e+06
3.019973000000000000e+06
3.020138000000000000e+06
3.020139000000000000e+06
3.020684000000000000e+06
3.020711000000000000e+06
3.020753000000000000e+06
3.020828000000000000e+06
3.020869000000000000e+06
3.020872000000000000e+06
3.020971000000000000e+06
3.021140000000000000e+06
3.021627000000000000e+06
3.021742000000000000e+06
3.021820000000000000e+06
3.022317000000000000e+06
3.022330000000000000e+06
3.022453000000000000e+06
3.022965000000000000e+06
3.023125000000000000e+06
3.023240000000000000e+06
3.023263000000000000e+06
3.023537000000000000e+06
3.023597000000000000e+06
3.023790000000000000e+06
3.023907000000000000e+06
3.024002000000000000e+06
3.024227000000000000e+06
3.024592000000000000e+06
3.024970000000000000e+06
3.024995000000000000e+06
3.025094000000000000e+06
3.025187000000000000e+06
3.025406000000000000e+06
3.025534000000000000e+06
3.025817000000000000e+06
3.025823000000000000e+06
3.026147000000000000e+06
3.026464000000000000e+06
3.026488000000000000e+06
3.026766000000000000e+06
3.026789000000000000e+06
3.026805000000000000e+06
3.026809000000000000e+06
3.026906000000000000e+06
3.026962000000000000e+06
3.027563000000000000e+06
3.027568000000000000e+06
3.028003000000000000e+06
3.028068000000000000e+06
3.028090000000000000e+06
3.028269000000000000e+06
3.028329000000000000e+06
3.028534000000000000e+06
3.028554000000000000e+06
3.028605000000000000e+06
3.028792000000000000e+06
3.028904000000000000e+06
3.029116000000000000e+06
3.029164000000000000e+06
3.029215000000000000e+06
3.029305000000000000e+06
3.029532000000000000e+06
3.029646000000000000e+06
3.029658000000000000e+06
3.029813000000000000e+06
3.030069000000000000e+06
3.030168000000000000e+06
3.030276000000000000e+06
3.030503000000000000e+06
3.030548000000000000e+06
3.030641000000000000e+06
3.030701000000000000e+06
3.030739000000000000e+06
3.030857000000000000e+06
3.030932000000000000e+06
3.031714000000000000e+06
3.031901000000000000e+06
3.031932000000000000e+06
3.032061000000000000e+06
3.032325000000000000e+06
3.032565000000000000e+06
3.032737000000000000e+06
3.032785000000000000e+06
3.032842000000000000e+06
3.032935000000000000e+06
3.033002000000000000e+06
3.033059000000000000e+06
3.033118000000000000e+06
3.033127000000000000e+06
3.033281000000000000e+06
3.033355000000000000e+06
3.033427000000000000e+06
3.033774000000000000e+06
3.033778000000000000e+06
3.033913000000000000e+06
3.033969000000000000e+06
3.034057000000000000e+06
3.034286000000000000e+06
3.034331000000000000e+06
3.034458000000000000e+06
3.034474000000000000e+06
3.034475000000000000e+06
3.034500000000000000e+06
3.034582000000000000e+06
3.034637000000000000e+06
3.034712000000000000e+06
3.034802000000000000e+06
3.034977000000000000e+06
3.035071000000000000e+06
3.035250000000000000e+06
3.035370000000000000e+06
3.035418000000000000e+06
3.035479000000000000e+06
3.035690000000000000e+06
3.035721000000000000e+06
3.035771000000000000e+06
3.035793000000000000e+06
3.035845000000000000e+06
3.035973000000000000e+06
3.036270000000000000e+06
3.036371000000000000e+06
3.036416000000000000e+06
3.036496000000000000e+06
3.036580000000000000e+06
3.036926000000000000e+06
3.036964000000000000e+06
3.037028000000000000e+06
3.037032000000000000e+06
3.037405000000000000e+06
3.037562000000000000e+06
3.038009000000000000e+06
3.038318000000000000e+06
3.038392000000000000e+06
3.038639000000000000e+06
3.038768000000000000e+06
3.038875000000000000e+06
3.039182000000000000e+06
3.039240000000000000e+06
3.039248000000000000e+06
3.039288000000000000e+06
3.040048000000000000e+06
3.040106000000000000e+06
3.040533000000000000e+06
3.041101000000000000e+06
3.041105000000000000e+06
3.041172000000000000e+06
3.041203000000000000e+06
3.041453000000000000e+06
3.041604000000000000e+06
3.042329000000000000e+06
3.042480000000000000e+06
3.042521000000000000e+06
3.042586000000000000e+06
3.042728000000000000e+06
3.042741000000000000e+06
3.042799000000000000e+06
3.042972000000000000e+06
3.043083000000000000e+06
3.043192000000000000e+06
3.043263000000000000e+06
3.043313000000000000e+06
3.043467000000000000e+06
3.043634000000000000e+06
3.043854000000000000e+06
3.043860000000000000e+06
3.043910000000000000e+06
3.044010000000000000e+06
3.044053000000000000e+06
3.044094000000000000e+06
3.044096000000000000e+06
3.044155000000000000e+06
3.044329000000000000e+06
3.044346000000000000e+06
3.044493000000000000e+06
3.045096000000000000e+06
3.045175000000000000e+06
3.045180000000000000e+06
3.045527000000000000e+06
3.045551000000000000e+06
3.045656000000000000e+06
3.045843000000000000e+06
3.046001000000000000e+06
3.046082000000000000e+06
3.046181000000000000e+06
3.046219000000000000e+06
3.046280000000000000e+06
3.046298000000000000e+06
3.046320000000000000e+06
3.046512000000000000e+06
3.046732000000000000e+06
3.046849000000000000e+06
3.047156000000000000e+06
3.047162000000000000e+06
3.047472000000000000e+06
3.047586000000000000e+06
3.047733000000000000e+06
3.048340000000000000e+06
3.048870000000000000e+06
3.049023000000000000e+06
3.049034000000000000e+06
3.049086000000000000e+06
3.049122000000000000e+06
3.049211000000000000e+06
3.049581000000000000e+06
3.049596000000000000e+06
3.049638000000000000e+06
3.049806000000000000e+06
3.049807000000000000e+06
3.050020000000000000e+06
3.050255000000000000e+06
3.050528000000000000e+06
3.050647000000000000e+06
3.051015000000000000e+06
3.051099000000000000e+06
3.051241000000000000e+06
3.051366000000000000e+06
3.051407000000000000e+06
3.051813000000000000e+06
3.051895000000000000e+06
3.052119000000000000e+06
3.052406000000000000e+06
3.052408000000000000e+06
3.052712000000000000e+06
3.053056000000000000e+06
3.053102000000000000e+06
3.053169000000000000e+06
3.053210000000000000e+06
3.053250000000000000e+06
3.053372000000000000e+06
3.053578000000000000e+06
3.053691000000000000e+06
3.053794000000000000e+06
3.053900000000000000e+06
3.053933000000000000e+06
3.054111000000000000e+06
3.054188000000000000e+06
3.054276000000000000e+06
3.054319000000000000e+06
3.054425000000000000e+06
3.054461000000000000e+06
3.054547000000000000e+06
3.054569000000000000e+06
3.054629000000000000e+06
3.054920000000000000e+06
3.054943000000000000e+06
3.055012000000000000e+06
3.055534000000000000e+06
3.055870000000000000e+06
3.055882000000000000e+06
3.055910000000000000e+06
3.055962000000000000e+06
3.055966000000000000e+06
3.056202000000000000e+06
3.056655000000000000e+06
3.056837000000000000e+06
3.056864000000000000e+06
3.056933000000000000e+06
3.057002000000000000e+06
3.057043000000000000e+06
3.057128000000000000e+06
3.057578000000000000e+06
3.057975000000000000e+06
3.058079000000000000e+06
3.058322000000000000e+06
3.058382000000000000e+06
3.058468000000000000e+06
3.058486000000000000e+06
3.058558000000000000e+06
3.058753000000000000e+06
3.058763000000000000e+06
3.058814000000000000e+06
3.059022000000000000e+06
3.059164000000000000e+06
3.059388000000000000e+06
3.059424000000000000e+06
3.059510000000000000e+06
3.059545000000000000e+06
3.059556000000000000e+06
3.059576000000000000e+06
3.059709000000000000e+06
3.059918000000000000e+06
3.060053000000000000e+06
3.060251000000000000e+06
3.060270000000000000e+06
3.060560000000000000e+06
3.060583000000000000e+06
3.060805000000000000e+06
3.060816000000000000e+06
3.060912000000000000e+06
3.061147000000000000e+06
3.061243000000000000e+06
3.061436000000000000e+06
3.061527000000000000e+06
3.061928000000000000e+06
3.061938000000000000e+06
3.062079000000000000e+06
3.062523000000000000e+06
3.062932000000000000e+06
3.063207000000000000e+06
3.063362000000000000e+06
3.063608000000000000e+06
3.063618000000000000e+06
3.063976000000000000e+06
3.064108000000000000e+06
3.064121000000000000e+06
3.064606000000000000e+06
3.064613000000000000e+06
3.064817000000000000e+06
3.064824000000000000e+06
3.064860000000000000e+06
3.064866000000000000e+06
3.064904000000000000e+06
3.064926000000000000e+06
3.064928000000000000e+06
3.064974000000000000e+06
3.065084000000000000e+06
3.065215000000000000e+06
3.065237000000000000e+06
3.065301000000000000e+06
3.065577000000000000e+06
3.066063000000000000e+06
3.066192000000000000e+06
3.066301000000000000e+06
3.066345000000000000e+06
3.066598000000000000e+06
3.066709000000000000e+06
3.066722000000000000e+06
3.067300000000000000e+06
3.067523000000000000e+06
3.067856000000000000e+06
3.068122000000000000e+06
3.068124000000000000e+06
3.068678000000000000e+06
3.068720000000000000e+06
3.069147000000000000e+06
3.069871000000000000e+06
3.069917000000000000e+06
3.069988000000000000e+06
3.070210000000000000e+06
3.070596000000000000e+06
3.071009000000000000e+06
3.071032000000000000e+06
3.071131000000000000e+06
3.071177000000000000e+06
3.071438000000000000e+06
3.071568000000000000e+06
3.071571000000000000e+06
3.071793000000000000e+06
3.071935000000000000e+06
3.072019000000000000e+06
3.072246000000000000e+06
3.072267000000000000e+06
3.072574000000000000e+06
3.072689000000000000e+06
3.072925000000000000e+06
3.073187000000000000e+06
3.073208000000000000e+06
3.073614000000000000e+06
3.073663000000000000e+06
3.073673000000000000e+06
3.073677000000000000e+06
3.073744000000000000e+06
3.073796000000000000e+06
3.073866000000000000e+06
3.073904000000000000e+06
3.073972000000000000e+06
3.074037000000000000e+06
3.074127000000000000e+06
3.074345000000000000e+06
3.074586000000000000e+06
3.074708000000000000e+06
3.074750000000000000e+06
3.074836000000000000e+06
3.074884000000000000e+06
3.074920000000000000e+06
3.074993000000000000e+06
3.075013000000000000e+06
3.075065000000000000e+06
3.075195000000000000e+06
3.075480000000000000e+06
3.075563000000000000e+06
3.075622000000000000e+06
3.075647000000000000e+06
3.075697000000000000e+06
3.075765000000000000e+06
3.075867000000000000e+06
3.076052000000000000e+06
3.076066000000000000e+06
3.076124000000000000e+06
3.076143000000000000e+06
3.076172000000000000e+06
3.076180000000000000e+06
3.076375000000000000e+06
3.076428000000000000e+06
3.076515000000000000e+06
3.076738000000000000e+06
3.076828000000000000e+06
3.076890000000000000e+06
3.076900000000000000e+06
3.076906000000000000e+06
3.077013000000000000e+06
3.077411000000000000e+06
3.077447000000000000e+06
3.077572000000000000e+06
3.077742000000000000e+06
3.077851000000000000e+06
3.077879000000000000e+06
3.078152000000000000e+06
3.078463000000000000e+06
3.078622000000000000e+06
3.078712000000000000e+06
3.078811000000000000e+06
3.078862000000000000e+06
3.079000000000000000e+06
3.079158000000000000e+06
3.079318000000000000e+06
3.079584000000000000e+06
3.079674000000000000e+06
3.079703000000000000e+06
3.079830000000000000e+06
3.079970000000000000e+06
3.080068000000000000e+06
3.080126000000000000e+06
3.080138000000000000e+06
3.080190000000000000e+06
3.080285000000000000e+06
3.080295000000000000e+06
3.080712000000000000e+06
3.080738000000000000e+06
3.080982000000000000e+06
3.081002000000000000e+06
3.081048000000000000e+06
3.081129000000000000e+06
3.081264000000000000e+06
3.081409000000000000e+06
3.081525000000000000e+06
3.081645000000000000e+06
3.081652000000000000e+06
3.081674000000000000e+06
3.081714000000000000e+06
3.081735000000000000e+06
3.081825000000000000e+06
3.082074000000000000e+06
3.082175000000000000e+06
3.082180000000000000e+06
3.082181000000000000e+06
3.082375000000000000e+06
3.082470000000000000e+06
3.082785000000000000e+06
3.082888000000000000e+06
3.082950000000000000e+06
3.083200000000000000e+06
3.083228000000000000e+06
3.083636000000000000e+06
3.083677000000000000e+06
3.083694000000000000e+06
3.083797000000000000e+06
3.083957000000000000e+06
3.084117000000000000e+06
3.084234000000000000e+06
3.084284000000000000e+06
3.084388000000000000e+06
3.084442000000000000e+06
3.084507000000000000e+06
3.084562000000000000e+06
3.084695000000000000e+06
3.084836000000000000e+06
3.084907000000000000e+06
3.084928000000000000e+06
3.084936000000000000e+06
3.085138000000000000e+06
3.085184000000000000e+06
3.085501000000000000e+06
3.085834000000000000e+06
3.085941000000000000e+06
3.085993000000000000e+06
3.086035000000000000e+06
3.086592000000000000e+06
3.086632000000000000e+06
3.086724000000000000e+06
3.086773000000000000e+06
3.086829000000000000e+06
3.086872000000000000e+06
3.086898000000000000e+06
3.087280000000000000e+06
3.087461000000000000e+06
3.087473000000000000e+06
3.087584000000000000e+06
3.087780000000000000e+06
3.087810000000000000e+06
3.088224000000000000e+06
3.088503000000000000e+06
3.088705000000000000e+06
3.088828000000000000e+06
3.088850000000000000e+06
3.088966000000000000e+06
3.089048000000000000e+06
3.089186000000000000e+06
3.089292000000000000e+06
3.089362000000000000e+06
3.089844000000000000e+06
3.089931000000000000e+06
3.090092000000000000e+06
3.090153000000000000e+06
3.090270000000000000e+06
3.090291000000000000e+06
3.090365000000000000e+06
3.090405000000000000e+06
3.090716000000000000e+06
3.091073000000000000e+06
3.091124000000000000e+06
3.091507000000000000e+06
3.091560000000000000e+06
3.091999000000000000e+06
3.092206000000000000e+06
3.092419000000000000e+06
3.092499000000000000e+06
3.092885000000000000e+06
3.092912000000000000e+06
3.093123000000000000e+06
3.093194000000000000e+06
3.093498000000000000e+06
3.093552000000000000e+06
3.093768000000000000e+06
3.093843000000000000e+06
3.094792000000000000e+06
3.094804000000000000e+06
3.094866000000000000e+06
3.095038000000000000e+06
3.095349000000000000e+06
3.095373000000000000e+06
3.095393000000000000e+06
3.095507000000000000e+06
3.095643000000000000e+06
3.095898000000000000e+06
3.096026000000000000e+06
3.096042000000000000e+06
3.096161000000000000e+06
3.096168000000000000e+06
3.096175000000000000e+06
3.096283000000000000e+06
3.096381000000000000e+06
3.096652000000000000e+06
3.096723000000000000e+06
3.096791000000000000e+06
3.096828000000000000e+06
3.097041000000000000e+06
3.097060000000000000e+06
3.097322000000000000e+06
3.097497000000000000e+06
3.097828000000000000e+06
3.097863000000000000e+06
3.098013000000000000e+06
3.098086000000000000e+06
3.098395000000000000e+06
3.098817000000000000e+06
3.098826000000000000e+06
3.098914000000000000e+06
3.099755000000000000e+06
3.099773000000000000e+06
3.100115000000000000e+06
3.100182000000000000e+06
3.100329000000000000e+06
3.100538000000000000e+06
3.100539000000000000e+06
3.100619000000000000e+06
3.100653000000000000e+06
3.100761000000000000e+06
3.100768000000000000e+06
3.100798000000000000e+06
3.100866000000000000e+06
3.100924000000000000e+06
3.101052000000000000e+06
3.101094000000000000e+06
3.101171000000000000e+06
3.101218000000000000e+06
3.101546000000000000e+06
3.101562000000000000e+06
3.101701000000000000e+06
3.101867000000000000e+06
3.102163000000000000e+06
3.102404000000000000e+06
3.102699000000000000e+06
3.102808000000000000e+06
3.103023000000000000e+06
3.103102000000000000e+06
3.103118000000000000e+06
3.103172000000000000e+06
3.103256000000000000e+06
3.103263000000000000e+06
3.103586000000000000e+06
3.103844000000000000e+06
3.103905000000000000e+06
3.104024000000000000e+06
3.104149000000000000e+06
3.104330000000000000e+06
3.104703000000000000e+06
3.105106000000000000e+06
3.105230000000000000e+06
3.105321000000000000e+06
3.105328000000000000e+06
3.105492000000000000e+06
3.105512000000000000e+06
3.105567000000000000e+06
3.105718000000000000e+06
3.105895000000000000e+06
3.106173000000000000e+06
3.106359000000000000e+06
3.106597000000000000e+06
3.106664000000000000e+06
3.107102000000000000e+06
3.107116000000000000e+06
3.107263000000000000e+06
3.107445000000000000e+06
3.107547000000000000e+06
3.107619000000000000e+06
3.107738000000000000e+06
3.107748000000000000e+06
3.108132000000000000e+06
3.108174000000000000e+06
3.108192000000000000e+06
3.108403000000000000e+06
3.108537000000000000e+06
3.108574000000000000e+06
3.108592000000000000e+06
3.108820000000000000e+06
3.108952000000000000e+06
3.109035000000000000e+06
3.109094000000000000e+06
3.109256000000000000e+06
3.109298000000000000e+06
3.109344000000000000e+06
3.109447000000000000e+06
3.109460000000000000e+06
3.109530000000000000e+06
3.109561000000000000e+06
3.109637000000000000e+06
3.109655000000000000e+06
3.109751000000000000e+06
3.110056000000000000e+06
3.110387000000000000e+06
3.110494000000000000e+06
3.110859000000000000e+06
3.110894000000000000e+06
3.111223000000000000e+06
3.111301000000000000e+06
3.111319000000000000e+06
3.112087000000000000e+06
3.112298000000000000e+06
3.112685000000000000e+06
3.112890000000000000e+06
3.113274000000000000e+06
3.113308000000000000e+06
3.113401000000000000e+06
3.113405000000000000e+06
3.113509000000000000e+06
3.113901000000000000e+06
3.113968000000000000e+06
3.114243000000000000e+06
3.114281000000000000e+06
3.114354000000000000e+06
3.114441000000000000e+06
3.114560000000000000e+06
3.114668000000000000e+06
3.114717000000000000e+06
3.114924000000000000e+06
3.114999000000000000e+06
3.115036000000000000e+06
3.115269000000000000e+06
3.115314000000000000e+06
3.115422000000000000e+06
3.115452000000000000e+06
3.115462000000000000e+06
3.115473000000000000e+06
3.115546000000000000e+06
3.115551000000000000e+06
3.115581000000000000e+06
3.115710000000000000e+06
3.115724000000000000e+06
3.116011000000000000e+06
3.116196000000000000e+06
3.116310000000000000e+06
3.116356000000000000e+06
3.116380000000000000e+06
3.116618000000000000e+06
3.116807000000000000e+06
3.116987000000000000e+06
3.117330000000000000e+06
3.117355000000000000e+06
3.117577000000000000e+06
3.117657000000000000e+06
3.117766000000000000e+06
3.117807000000000000e+06
3.117888000000000000e+06
3.118373000000000000e+06
3.118380000000000000e+06
3.118425000000000000e+06
3.118513000000000000e+06
3.118565000000000000e+06
3.118655000000000000e+06
3.118737000000000000e+06
3.118761000000000000e+06
3.119280000000000000e+06
3.119301000000000000e+06
3.120538000000000000e+06
3.120629000000000000e+06
3.120779000000000000e+06
3.120836000000000000e+06
3.120922000000000000e+06
3.121063000000000000e+06
3.121566000000000000e+06
3.121638000000000000e+06
3.122385000000000000e+06
3.122418000000000000e+06
3.122739000000000000e+06
3.123081000000000000e+06
3.123407000000000000e+06
3.123950000000000000e+06
3.124103000000000000e+06
3.124383000000000000e+06
3.124627000000000000e+06
3.124742000000000000e+06
3.124835000000000000e+06
3.124917000000000000e+06
3.124949000000000000e+06
3.125117000000000000e+06
3.125227000000000000e+06
3.125549000000000000e+06
3.125557000000000000e+06
3.125591000000000000e+06
3.125896000000000000e+06
3.125964000000000000e+06
3.126082000000000000e+06
3.126326000000000000e+06
3.126475000000000000e+06
3.126831000000000000e+06
3.126880000000000000e+06
3.126966000000000000e+06
3.127130000000000000e+06
3.127222000000000000e+06
3.127268000000000000e+06
3.127331000000000000e+06
3.127424000000000000e+06
3.127689000000000000e+06
3.127791000000000000e+06
3.128217000000000000e+06
3.128254000000000000e+06
3.128580000000000000e+06
3.128883000000000000e+06
3.128934000000000000e+06
3.129076000000000000e+06
3.129161000000000000e+06
3.129348000000000000e+06
3.129411000000000000e+06
3.129530000000000000e+06
3.129605000000000000e+06
3.129790000000000000e+06
3.130083000000000000e+06
3.130100000000000000e+06
3.130348000000000000e+06
3.130442000000000000e+06
3.130707000000000000e+06
3.130891000000000000e+06
3.131072000000000000e+06
3.131348000000000000e+06
3.131356000000000000e+06
3.131735000000000000e+06
3.131791000000000000e+06
3.132283000000000000e+06
3.132450000000000000e+06
3.132451000000000000e+06
3.132466000000000000e+06
3.132782000000000000e+06
3.132850000000000000e+06
3.132905000000000000e+06
3.132937000000000000e+06
3.133280000000000000e+06
3.133350000000000000e+06
3.133426000000000000e+06
3.133480000000000000e+06
3.133689000000000000e+06
3.133748000000000000e+06
3.134047000000000000e+06
3.134199000000000000e+06
3.134297000000000000e+06
3.134568000000000000e+06
3.134677000000000000e+06
3.134757000000000000e+06
3.134764000000000000e+06
3.134830000000000000e+06
3.134894000000000000e+06
3.134899000000000000e+06
3.134949000000000000e+06
3.135068000000000000e+06
3.135429000000000000e+06
3.135462000000000000e+06
3.135744000000000000e+06
3.136001000000000000e+06
3.136214000000000000e+06
3.136280000000000000e+06
3.136422000000000000e+06
3.136782000000000000e+06
3.137468000000000000e+06
3.137554000000000000e+06
3.137772000000000000e+06
3.137972000000000000e+06
3.138106000000000000e+06
3.138289000000000000e+06
3.138494000000000000e+06
3.138757000000000000e+06
3.138784000000000000e+06
3.138813000000000000e+06
3.138895000000000000e+06
3.138922000000000000e+06
3.139508000000000000e+06
3.139562000000000000e+06
3.139678000000000000e+06
3.140003000000000000e+06
3.140408000000000000e+06
3.140473000000000000e+06
3.140481000000000000e+06
3.140567000000000000e+06
3.140811000000000000e+06
3.140908000000000000e+06
3.141278000000000000e+06
3.141334000000000000e+06
3.141337000000000000e+06
3.141352000000000000e+06
3.141451000000000000e+06
3.141575000000000000e+06
3.141576000000000000e+06
3.141714000000000000e+06
3.142006000000000000e+06
3.142083000000000000e+06
3.142197000000000000e+06
3.142398000000000000e+06
3.142605000000000000e+06
3.142642000000000000e+06
3.142678000000000000e+06
3.142827000000000000e+06
3.142832000000000000e+06
3.143077000000000000e+06
3.143110000000000000e+06
3.143223000000000000e+06
3.143302000000000000e+06
3.143314000000000000e+06
3.143408000000000000e+06
3.143599000000000000e+06
3.143783000000000000e+06
3.143964000000000000e+06
3.144080000000000000e+06
3.144342000000000000e+06
3.144388000000000000e+06
3.144419000000000000e+06
3.144455000000000000e+06
3.144868000000000000e+06
3.145169000000000000e+06
3.145342000000000000e+06
3.145376000000000000e+06
3.145398000000000000e+06
3.145547000000000000e+06
3.146046000000000000e+06
3.146208000000000000e+06
3.146979000000000000e+06
3.147138000000000000e+06
3.147168000000000000e+06
3.147228000000000000e+06
3.147369000000000000e+06
3.147376000000000000e+06
3.147901000000000000e+06
3.147926000000000000e+06
3.148145000000000000e+06
3.148158000000000000e+06
3.148204000000000000e+06
3.148215000000000000e+06
3.148912000000000000e+06
3.148931000000000000e+06
3.149151000000000000e+06
3.149171000000000000e+06
3.149220000000000000e+06
3.149285000000000000e+06
3.149291000000000000e+06
3.149570000000000000e+06
3.149682000000000000e+06
3.149868000000000000e+06
3.150107000000000000e+06
3.150340000000000000e+06
3.150729000000000000e+06
3.150733000000000000e+06
3.150881000000000000e+06
3.150912000000000000e+06
3.150978000000000000e+06
3.151315000000000000e+06
3.151389000000000000e+06
3.151527000000000000e+06
3.151606000000000000e+06
3.151673000000000000e+06
3.151694000000000000e+06
3.151865000000000000e+06
3.151892000000000000e+06
3.151899000000000000e+06
3.151912000000000000e+06
3.152126000000000000e+06
3.152347000000000000e+06
3.152399000000000000e+06
3.152580000000000000e+06
3.152656000000000000e+06
3.153109000000000000e+06
3.153204000000000000e+06
3.153404000000000000e+06
3.153570000000000000e+06
3.153583000000000000e+06
3.153788000000000000e+06
3.153952000000000000e+06
3.153985000000000000e+06
3.154111000000000000e+06
3.154247000000000000e+06
3.154418000000000000e+06
3.154494000000000000e+06
3.154558000000000000e+06
3.154567000000000000e+06
3.154745000000000000e+06
3.154886000000000000e+06
3.154940000000000000e+06
3.154941000000000000e+06
3.154996000000000000e+06
3.155227000000000000e+06
3.155289000000000000e+06
3.155404000000000000e+06
3.155642000000000000e+06
3.155729000000000000e+06
3.155933000000000000e+06
3.156518000000000000e+06
3.156859000000000000e+06
3.156868000000000000e+06
3.156927000000000000e+06
3.157000000000000000e+06
3.157195000000000000e+06
3.157394000000000000e+06
3.157744000000000000e+06
3.157762000000000000e+06
3.157933000000000000e+06
3.157992000000000000e+06
3.158000000000000000e+06
3.158073000000000000e+06
3.158353000000000000e+06
3.158478000000000000e+06
3.159091000000000000e+06
3.159442000000000000e+06
3.159475000000000000e+06
3.159687000000000000e+06
3.160078000000000000e+06
3.160108000000000000e+06
3.160143000000000000e+06
3.160232000000000000e+06
3.160416000000000000e+06
3.160502000000000000e+06
3.160778000000000000e+06
3.160820000000000000e+06
3.160883000000000000e+06
3.160890000000000000e+06
3.161013000000000000e+06
3.161490000000000000e+06
3.161554000000000000e+06
3.161812000000000000e+06
3.162086000000000000e+06
3.162089000000000000e+06
3.162527000000000000e+06
3.162755000000000000e+06
3.162769000000000000e+06
3.162905000000000000e+06
3.162985000000000000e+06
3.163016000000000000e+06
3.163020000000000000e+06
3.163107000000000000e+06
3.163377000000000000e+06
3.163438000000000000e+06
3.163516000000000000e+06
3.163859000000000000e+06
3.164012000000000000e+06
3.164096000000000000e+06
3.164277000000000000e+06
3.164296000000000000e+06
3.164438000000000000e+06
3.164865000000000000e+06
3.165245000000000000e+06
3.165417000000000000e+06
3.165435000000000000e+06
3.165543000000000000e+06
3.165712000000000000e+06
3.165798000000000000e+06
3.165812000000000000e+06
3.165833000000000000e+06
3.165924000000000000e+06
3.165931000000000000e+06
3.166054000000000000e+06
3.166319000000000000e+06
3.166991000000000000e+06
3.167080000000000000e+06
3.167304000000000000e+06
3.167372000000000000e+06
3.167435000000000000e+06
3.167513000000000000e+06
3.167537000000000000e+06
3.167582000000000000e+06
3.167834000000000000e+06
3.167978000000000000e+06
3.168067000000000000e+06
3.168116000000000000e+06
3.168155000000000000e+06
3.168220000000000000e+06
3.168418000000000000e+06
3.168528000000000000e+06
3.168645000000000000e+06
3.168687000000000000e+06
3.168773000000000000e+06
3.169090000000000000e+06
3.169174000000000000e+06
3.169231000000000000e+06
3.169469000000000000e+06
3.169511000000000000e+06
3.169856000000000000e+06
3.169910000000000000e+06
3.170158000000000000e+06
3.170637000000000000e+06
3.170883000000000000e+06
3.171013000000000000e+06
3.171143000000000000e+06
3.171208000000000000e+06
3.171213000000000000e+06
3.171749000000000000e+06
3.171802000000000000e+06
3.171888000000000000e+06
3.172029000000000000e+06
3.172450000000000000e+06
3.172572000000000000e+06
3.172878000000000000e+06
3.172925000000000000e+06
3.173075000000000000e+06
3.173365000000000000e+06
3.173383000000000000e+06
3.173456000000000000e+06
3.173458000000000000e+06
3.173571000000000000e+06
3.173609000000000000e+06
3.173673000000000000e+06
3.173680000000000000e+06
3.173810000000000000e+06
3.173867000000000000e+06
3.173946000000000000e+06
3.174059000000000000e+06
3.174265000000000000e+06
3.174635000000000000e+06
3.174640000000000000e+06
3.174848000000000000e+06
3.175331000000000000e+06
3.175975000000000000e+06
3.175980000000000000e+06
3.176141000000000000e+06
3.176482000000000000e+06
3.176759000000000000e+06
3.176790000000000000e+06
3.176839000000000000e+06
3.176927000000000000e+06
3.177116000000000000e+06
3.177246000000000000e+06
3.177376000000000000e+06
3.177521000000000000e+06
3.177995000000000000e+06
3.178068000000000000e+06
3.178520000000000000e+06
3.178613000000000000e+06
3.178652000000000000e+06
3.178689000000000000e+06
3.178985000000000000e+06
3.179257000000000000e+06
3.179417000000000000e+06
3.179522000000000000e+06
3.179702000000000000e+06
3.180119000000000000e+06
3.180124000000000000e+06
3.180146000000000000e+06
3.180297000000000000e+06
3.180322000000000000e+06
3.180557000000000000e+06
3.181079000000000000e+06
3.181126000000000000e+06
3.181157000000000000e+06
3.181266000000000000e+06
3.181315000000000000e+06
3.181522000000000000e+06
3.181742000000000000e+06
3.182177000000000000e+06
3.182245000000000000e+06
3.182484000000000000e+06
3.182743000000000000e+06
3.182861000000000000e+06
3.182911000000000000e+06
3.182967000000000000e+06
3.183054000000000000e+06
3.183138000000000000e+06
3.183317000000000000e+06
3.183437000000000000e+06
3.183494000000000000e+06
3.183515000000000000e+06
3.183643000000000000e+06
3.183674000000000000e+06
3.183837000000000000e+06
3.183960000000000000e+06
3.183966000000000000e+06
3.184126000000000000e+06
3.184220000000000000e+06
3.184227000000000000e+06
3.184482000000000000e+06
3.184948000000000000e+06
3.185027000000000000e+06
3.185292000000000000e+06
3.185376000000000000e+06
3.185495000000000000e+06
3.185528000000000000e+06
3.185736000000000000e+06
3.185920000000000000e+06
3.185976000000000000e+06
3.186071000000000000e+06
3.186618000000000000e+06
3.186827000000000000e+06
3.186841000000000000e+06
3.187109000000000000e+06
3.187129000000000000e+06
3.187321000000000000e+06
3.187384000000000000e+06
3.187484000000000000e+06
3.187514000000000000e+06
3.187543000000000000e+06
3.187581000000000000e+06
3.187587000000000000e+06
3.187719000000000000e+06
3.187867000000000000e+06
3.188259000000000000e+06
3.188364000000000000e+06
3.188381000000000000e+06
3.188808000000000000e+06
3.188909000000000000e+06
3.188937000000000000e+06
3.189029000000000000e+06
3.189041000000000000e+06
3.189214000000000000e+06
3.189366000000000000e+06
3.189395000000000000e+06
3.189492000000000000e+06
3.189494000000000000e+06
3.189568000000000000e+06
3.189589000000000000e+06
3.189703000000000000e+06
3.189827000000000000e+06
3.189860000000000000e+06
3.189924000000000000e+06
3.189936000000000000e+06
3.190006000000000000e+06
3.190155000000000000e+06
3.190515000000000000e+06
3.190537000000000000e+06
3.190724000000000000e+06
3.190727000000000000e+06
3.190912000000000000e+06
3.191081000000000000e+06
3.191189000000000000e+06
3.191239000000000000e+06
3.191242000000000000e+06
3.191684000000000000e+06
3.191961000000000000e+06
3.192196000000000000e+06
3.192248000000000000e+06
3.192571000000000000e+06
3.192671000000000000e+06
3.192813000000000000e+06
3.192830000000000000e+06
3.192854000000000000e+06
3.192867000000000000e+06
3.193067000000000000e+06
3.193074000000000000e+06
3.193124000000000000e+06
3.193166000000000000e+06
3.193367000000000000e+06
3.193841000000000000e+06
3.193878000000000000e+06
3.193936000000000000e+06
3.194367000000000000e+06
3.194478000000000000e+06
3.194495000000000000e+06
3.194496000000000000e+06
3.194677000000000000e+06
3.195186000000000000e+06
3.195291000000000000e+06
3.195387000000000000e+06
3.195419000000000000e+06
3.195495000000000000e+06
3.195687000000000000e+06
3.195964000000000000e+06
3.196190000000000000e+06
3.196325000000000000e+06
3.196572000000000000e+06
3.196784000000000000e+06
3.196882000000000000e+06
3.196883000000000000e+06
3.196939000000000000e+06
3.197181000000000000e+06
3.197341000000000000e+06
3.197392000000000000e+06
3.197529000000000000e+06
3.197629000000000000e+06
3.197708000000000000e+06
3.197735000000000000e+06
3.197750000000000000e+06
3.197995000000000000e+06
3.198026000000000000e+06
3.198137000000000000e+06
3.198329000000000000e+06
3.198341000000000000e+06
3.198483000000000000e+06
3.198555000000000000e+06
3.198567000000000000e+06
3.198651000000000000e+06
3.198706000000000000e+06
3.198733000000000000e+06
3.198736000000000000e+06
3.198999000000000000e+06
3.199072000000000000e+06
3.199315000000000000e+06
3.199438000000000000e+06
3.199754000000000000e+06
3.199766000000000000e+06
3.199877000000000000e+06
3.199998000000000000e+06
3.200414000000000000e+06
3.200730000000000000e+06
3.200734000000000000e+06
3.200798000000000000e+06
3.201016000000000000e+06
3.201075000000000000e+06
3.201191000000000000e+06
3.201340000000000000e+06
3.201506000000000000e+06
3.201519000000000000e+06
3.201525000000000000e+06
3.201605000000000000e+06
3.201673000000000000e+06
3.201768000000000000e+06
3.201897000000000000e+06
3.201924000000000000e+06
3.202546000000000000e+06
3.202627000000000000e+06
3.202659000000000000e+06
3.202808000000000000e+06
3.202813000000000000e+06
3.202815000000000000e+06
3.202903000000000000e+06
3.202996000000000000e+06
3.203063000000000000e+06
3.203206000000000000e+06
3.203221000000000000e+06
3.203244000000000000e+06
3.203401000000000000e+06
3.203421000000000000e+06
3.203437000000000000e+06
3.203493000000000000e+06
3.203793000000000000e+06
3.203870000000000000e+06
3.203972000000000000e+06
3.204219000000000000e+06
3.204248000000000000e+06
3.204260000000000000e+06
3.204274000000000000e+06
3.204297000000000000e+06
3.204386000000000000e+06
3.204429000000000000e+06
3.204957000000000000e+06
3.205145000000000000e+06
3.205234000000000000e+06
3.205293000000000000e+06
3.205367000000000000e+06
3.205822000000000000e+06
3.205897000000000000e+06
3.206014000000000000e+06
3.206038000000000000e+06
3.206389000000000000e+06
3.206561000000000000e+06
3.206651000000000000e+06
3.206867000000000000e+06
3.207122000000000000e+06
3.207206000000000000e+06
3.207443000000000000e+06
3.207572000000000000e+06
3.207607000000000000e+06
3.207670000000000000e+06
3.207691000000000000e+06
3.207741000000000000e+06
3.207742000000000000e+06
3.207892000000000000e+06
3.208096000000000000e+06
3.208418000000000000e+06
3.208692000000000000e+06
3.208798000000000000e+06
3.208858000000000000e+06
3.209015000000000000e+06
3.209364000000000000e+06
3.209449000000000000e+06
3.209491000000000000e+06
3.209506000000000000e+06
3.209596000000000000e+06
3.209653000000000000e+06
3.209703000000000000e+06
3.209777000000000000e+06
3.209809000000000000e+06
3.209831000000000000e+06
3.209958000000000000e+06
3.209988000000000000e+06
3.210003000000000000e+06
3.210096000000000000e+06
3.210451000000000000e+06
3.210563000000000000e+06
3.210733000000000000e+06
3.210740000000000000e+06
3.210745000000000000e+06
3.210770000000000000e+06
3.211034000000000000e+06
3.211184000000000000e+06
3.211425000000000000e+06
3.211431000000000000e+06
3.211634000000000000e+06
3.211664000000000000e+06
3.211927000000000000e+06
3.211939000000000000e+06
3.212157000000000000e+06
3.212198000000000000e+06
3.212367000000000000e+06
3.212411000000000000e+06
3.212765000000000000e+06
3.212953000000000000e+06
3.213199000000000000e+06
3.213272000000000000e+06
3.213425000000000000e+06
3.213468000000000000e+06
3.213657000000000000e+06
3.214011000000000000e+06
3.214048000000000000e+06
3.214095000000000000e+06
3.214226000000000000e+06
3.214286000000000000e+06
3.214300000000000000e+06
3.214424000000000000e+06
3.214554000000000000e+06
3.214627000000000000e+06
3.214716000000000000e+06
3.215212000000000000e+06
3.215254000000000000e+06
3.215261000000000000e+06
3.215331000000000000e+06
3.215442000000000000e+06
3.215769000000000000e+06
3.215822000000000000e+06
3.215918000000000000e+06
3.215988000000000000e+06
3.216030000000000000e+06
3.216316000000000000e+06
3.216332000000000000e+06
3.216884000000000000e+06
3.217059000000000000e+06
3.217280000000000000e+06
3.217983000000000000e+06
3.218218000000000000e+06
3.218254000000000000e+06
3.218319000000000000e+06
3.218354000000000000e+06
3.218390000000000000e+06
3.218456000000000000e+06
3.218466000000000000e+06
3.218528000000000000e+06
3.218590000000000000e+06
3.218681000000000000e+06
3.218694000000000000e+06
3.219368000000000000e+06
3.219370000000000000e+06
3.219446000000000000e+06
3.219656000000000000e+06
3.219940000000000000e+06
3.220039000000000000e+06
3.220077000000000000e+06
3.220174000000000000e+06
3.220175000000000000e+06
3.220267000000000000e+06
3.220476000000000000e+06
3.220639000000000000e+06
3.220738000000000000e+06
3.220786000000000000e+06
3.220887000000000000e+06
3.221054000000000000e+06
3.221253000000000000e+06
3.221264000000000000e+06
3.221548000000000000e+06
3.221589000000000000e+06
3.221839000000000000e+06
3.222487000000000000e+06
3.222631000000000000e+06
3.222735000000000000e+06
3.222784000000000000e+06
3.222809000000000000e+06
3.222821000000000000e+06
3.223091000000000000e+06
3.223175000000000000e+06
3.223357000000000000e+06
3.223443000000000000e+06
3.223456000000000000e+06
3.223906000000000000e+06
3.223913000000000000e+06
3.223914000000000000e+06
3.223923000000000000e+06
3.224074000000000000e+06
3.224257000000000000e+06
3.224375000000000000e+06
3.224475000000000000e+06
3.224503000000000000e+06
3.224590000000000000e+06
3.224861000000000000e+06
3.225076000000000000e+06
3.225159000000000000e+06
3.225236000000000000e+06
3.225281000000000000e+06
3.225463000000000000e+06
3.225492000000000000e+06
3.225499000000000000e+06
3.225531000000000000e+06
3.225585000000000000e+06
3.225589000000000000e+06
3.225679000000000000e+06
3.225825000000000000e+06
3.225924000000000000e+06
3.226169000000000000e+06
3.226332000000000000e+06
3.226516000000000000e+06
3.226579000000000000e+06
3.226596000000000000e+06
3.227342000000000000e+06
3.227445000000000000e+06
3.227697000000000000e+06
3.227845000000000000e+06
3.227964000000000000e+06
3.227987000000000000e+06
3.228147000000000000e+06
3.228269000000000000e+06
3.228335000000000000e+06
3.228401000000000000e+06
3.228713000000000000e+06
3.229336000000000000e+06
3.229446000000000000e+06
3.229460000000000000e+06
3.229549000000000000e+06
3.229558000000000000e+06
3.229868000000000000e+06
3.229997000000000000e+06
3.230210000000000000e+06
3.230244000000000000e+06
3.230258000000000000e+06
3.230458000000000000e+06
3.230510000000000000e+06
3.230537000000000000e+06
3.230597000000000000e+06
3.230612000000000000e+06
3.230643000000000000e+06
3.230696000000000000e+06
3.231002000000000000e+06
3.231015000000000000e+06
3.231198000000000000e+06
3.231297000000000000e+06
3.231346000000000000e+06
3.231711000000000000e+06
3.231753000000000000e+06
3.231915000000000000e+06
3.232023000000000000e+06
3.232451000000000000e+06
3.232659000000000000e+06
3.232951000000000000e+06
3.232996000000000000e+06
3.233047000000000000e+06
3.233152000000000000e+06
3.233269000000000000e+06
3.233287000000000000e+06
3.233516000000000000e+06
3.233595000000000000e+06
3.233665000000000000e+06
3.233738000000000000e+06
3.233935000000000000e+06
3.234012000000000000e+06
3.234219000000000000e+06
3.234685000000000000e+06
3.234827000000000000e+06
3.234861000000000000e+06
3.235153000000000000e+06
3.235304000000000000e+06
3.235502000000000000e+06
3.235841000000000000e+06
3.235939000000000000e+06
3.235980000000000000e+06
3.236193000000000000e+06
3.236202000000000000e+06
3.236369000000000000e+06
3.236713000000000000e+06
3.236902000000000000e+06
3.236963000000000000e+06
3.237016000000000000e+06
3.237139000000000000e+06
3.237656000000000000e+06
3.237661000000000000e+06
3.237665000000000000e+06
3.237757000000000000e+06
3.237772000000000000e+06
3.237895000000000000e+06
3.238106000000000000e+06
3.238115000000000000e+06
3.238158000000000000e+06
3.238377000000000000e+06
3.238414000000000000e+06
3.238503000000000000e+06
3.238951000000000000e+06
3.239449000000000000e+06
3.239453000000000000e+06
3.239532000000000000e+06
3.239600000000000000e+06
3.239864000000000000e+06
3.240266000000000000e+06
3.240460000000000000e+06
3.240492000000000000e+06
3.240786000000000000e+06
3.240829000000000000e+06
3.240906000000000000e+06
3.240911000000000000e+06
3.241011000000000000e+06
3.241090000000000000e+06
3.241118000000000000e+06
3.241134000000000000e+06
3.241324000000000000e+06
3.241532000000000000e+06
3.241678000000000000e+06
3.241741000000000000e+06
3.241916000000000000e+06
3.242015000000000000e+06
3.242557000000000000e+06
3.242601000000000000e+06
3.242715000000000000e+06
3.242845000000000000e+06
3.243584000000000000e+06
3.243784000000000000e+06
3.243808000000000000e+06
3.243889000000000000e+06
3.243945000000000000e+06
3.243994000000000000e+06
3.244018000000000000e+06
3.244228000000000000e+06
3.244365000000000000e+06
3.244632000000000000e+06
3.244674000000000000e+06
3.245030000000000000e+06
3.245423000000000000e+06
3.245522000000000000e+06
3.245523000000000000e+06
3.245575000000000000e+06
3.245682000000000000e+06
3.245992000000000000e+06
3.245996000000000000e+06
3.246042000000000000e+06
3.246088000000000000e+06
3.246141000000000000e+06
3.246281000000000000e+06
3.246495000000000000e+06
3.246767000000000000e+06
3.247145000000000000e+06
3.247200000000000000e+06
3.247298000000000000e+06
3.247335000000000000e+06
3.247390000000000000e+06
3.247732000000000000e+06
3.247891000000000000e+06
3.247941000000000000e+06
3.247984000000000000e+06
3.248102000000000000e+06
3.248118000000000000e+06
3.248119000000000000e+06
3.248342000000000000e+06
3.248400000000000000e+06
3.248407000000000000e+06
3.248425000000000000e+06
3.248944000000000000e+06
3.248993000000000000e+06
3.248995000000000000e+06
3.249056000000000000e+06
3.249326000000000000e+06
3.249742000000000000e+06
3.250398000000000000e+06
3.250580000000000000e+06
3.250594000000000000e+06
3.250996000000000000e+06
3.251039000000000000e+06
3.251046000000000000e+06
3.251148000000000000e+06
3.251231000000000000e+06
3.251328000000000000e+06
3.251480000000000000e+06
3.251602000000000000e+06
3.251719000000000000e+06
3.251878000000000000e+06
3.252390000000000000e+06
3.252395000000000000e+06
3.252498000000000000e+06
3.252922000000000000e+06
3.252925000000000000e+06
3.253110000000000000e+06
3.253205000000000000e+06
3.253254000000000000e+06
3.253415000000000000e+06
3.253466000000000000e+06
3.253477000000000000e+06
3.253552000000000000e+06
3.253604000000000000e+06
3.253791000000000000e+06
3.253941000000000000e+06
3.253963000000000000e+06
3.254012000000000000e+06
3.254103000000000000e+06
3.254167000000000000e+06
3.254415000000000000e+06
3.254463000000000000e+06
3.254595000000000000e+06
3.254648000000000000e+06
3.254703000000000000e+06
3.254706000000000000e+06
3.254778000000000000e+06
3.254828000000000000e+06
3.255080000000000000e+06
3.255385000000000000e+06
3.255488000000000000e+06
3.255777000000000000e+06
3.256035000000000000e+06
3.256086000000000000e+06
3.256233000000000000e+06
3.256360000000000000e+06
3.256364000000000000e+06
3.256388000000000000e+06
3.256551000000000000e+06
3.256836000000000000e+06
3.257021000000000000e+06
3.257406000000000000e+06
3.257463000000000000e+06
3.257603000000000000e+06
3.257636000000000000e+06
3.257731000000000000e+06
3.257872000000000000e+06
3.258140000000000000e+06
3.258400000000000000e+06
3.258521000000000000e+06
3.258630000000000000e+06
3.258640000000000000e+06
3.258755000000000000e+06
3.258996000000000000e+06
3.259069000000000000e+06
3.259081000000000000e+06
3.259324000000000000e+06
3.259669000000000000e+06
3.259703000000000000e+06
3.259933000000000000e+06
3.259988000000000000e+06
3.260123000000000000e+06
3.260300000000000000e+06
3.260365000000000000e+06
3.260389000000000000e+06
3.260428000000000000e+06
3.260430000000000000e+06
3.260520000000000000e+06
3.260909000000000000e+06
3.260999000000000000e+06
3.261057000000000000e+06
3.261087000000000000e+06
3.261817000000000000e+06
3.261955000000000000e+06
3.262117000000000000e+06
3.262233000000000000e+06
3.262259000000000000e+06
3.262262000000000000e+06
3.262496000000000000e+06
3.262546000000000000e+06
3.262718000000000000e+06
3.262805000000000000e+06
3.263357000000000000e+06
3.263733000000000000e+06
3.263854000000000000e+06
3.263906000000000000e+06
3.263948000000000000e+06
3.264119000000000000e+06
3.264138000000000000e+06
3.264412000000000000e+06
3.265010000000000000e+06
3.265378000000000000e+06
3.265488000000000000e+06
3.265649000000000000e+06
3.265680000000000000e+06
3.265837000000000000e+06
3.265995000000000000e+06
3.266243000000000000e+06
3.266367000000000000e+06
3.266421000000000000e+06
3.266511000000000000e+06
3.266683000000000000e+06
3.266726000000000000e+06
3.266848000000000000e+06
3.266883000000000000e+06
3.267026000000000000e+06
3.267063000000000000e+06
3.267222000000000000e+06
3.267360000000000000e+06
3.267467000000000000e+06
3.267472000000000000e+06
3.267699000000000000e+06
3.267726000000000000e+06
3.267898000000000000e+06
3.268022000000000000e+06
3.268193000000000000e+06
3.268268000000000000e+06
3.268288000000000000e+06
3.268334000000000000e+06
3.268383000000000000e+06
3.268631000000000000e+06
3.268802000000000000e+06
3.269267000000000000e+06
3.269654000000000000e+06
3.269776000000000000e+06
3.269930000000000000e+06
3.269935000000000000e+06
3.270170000000000000e+06
3.270225000000000000e+06
3.270343000000000000e+06
3.270433000000000000e+06
3.270497000000000000e+06
3.270513000000000000e+06
3.270599000000000000e+06
3.270866000000000000e+06
3.270972000000000000e+06
3.271038000000000000e+06
3.271134000000000000e+06
3.271468000000000000e+06
3.271538000000000000e+06
3.271749000000000000e+06
3.271780000000000000e+06
3.272363000000000000e+06
3.272854000000000000e+06
3.272943000000000000e+06
3.273068000000000000e+06
3.273208000000000000e+06
3.273343000000000000e+06
3.273406000000000000e+06
3.273423000000000000e+06
3.273471000000000000e+06
3.273509000000000000e+06
3.273545000000000000e+06
3.273560000000000000e+06
3.273955000000000000e+06
3.274007000000000000e+06
3.274366000000000000e+06
3.274383000000000000e+06
3.274698000000000000e+06
3.274807000000000000e+06
3.274872000000000000e+06
3.275057000000000000e+06
3.275098000000000000e+06
3.275133000000000000e+06
3.275183000000000000e+06
3.275257000000000000e+06
3.275258000000000000e+06
3.275712000000000000e+06
3.275739000000000000e+06
3.275838000000000000e+06
3.275893000000000000e+06
3.275935000000000000e+06
3.276120000000000000e+06
3.276172000000000000e+06
3.276220000000000000e+06
3.276307000000000000e+06
3.276308000000000000e+06
3.276822000000000000e+06
3.276919000000000000e+06
3.276986000000000000e+06
3.277099000000000000e+06
3.277301000000000000e+06
3.277308000000000000e+06
3.277592000000000000e+06
3.277729000000000000e+06
3.277738000000000000e+06
3.277804000000000000e+06
3.277813000000000000e+06
3.278215000000000000e+06
3.278483000000000000e+06
3.278494000000000000e+06
3.278631000000000000e+06
3.278743000000000000e+06
3.278763000000000000e+06
3.278870000000000000e+06
3.279047000000000000e+06
3.279112000000000000e+06
3.279151000000000000e+06
3.279269000000000000e+06
3.279665000000000000e+06
3.279737000000000000e+06
3.279900000000000000e+06
3.279909000000000000e+06
3.280105000000000000e+06
3.280182000000000000e+06
3.280398000000000000e+06
3.280560000000000000e+06
3.280729000000000000e+06
3.281106000000000000e+06
3.281203000000000000e+06
3.281690000000000000e+06
3.281797000000000000e+06
3.281864000000000000e+06
3.282124000000000000e+06
3.282233000000000000e+06
3.282308000000000000e+06
3.282364000000000000e+06
3.282545000000000000e+06
3.282824000000000000e+06
3.282843000000000000e+06
3.282894000000000000e+06
3.282900000000000000e+06
3.283726000000000000e+06
3.283812000000000000e+06
3.284184000000000000e+06
3.284200000000000000e+06
3.284323000000000000e+06
3.284414000000000000e+06
3.284511000000000000e+06
3.284520000000000000e+06
3.284584000000000000e+06
3.284792000000000000e+06
3.284901000000000000e+06
3.285299000000000000e+06
3.285470000000000000e+06
3.285527000000000000e+06
3.285683000000000000e+06
3.285901000000000000e+06
3.285904000000000000e+06
3.286006000000000000e+06
3.286190000000000000e+06
3.286274000000000000e+06
3.286790000000000000e+06
3.286950000000000000e+06
3.287028000000000000e+06
3.287083000000000000e+06
3.287234000000000000e+06
3.287381000000000000e+06
3.287697000000000000e+06
3.287821000000000000e+06
3.288072000000000000e+06
3.288316000000000000e+06
3.288360000000000000e+06
3.288566000000000000e+06
3.288724000000000000e+06
3.288735000000000000e+06
3.288812000000000000e+06
3.288839000000000000e+06
3.288997000000000000e+06
3.289008000000000000e+06
3.289072000000000000e+06
3.289106000000000000e+06
3.289178000000000000e+06
3.289182000000000000e+06
3.289463000000000000e+06
3.289742000000000000e+06
3.289872000000000000e+06
3.289914000000000000e+06
3.290059000000000000e+06
3.290105000000000000e+06
3.290353000000000000e+06
3.290363000000000000e+06
3.290510000000000000e+06
3.290596000000000000e+06
3.290665000000000000e+06
3.290848000000000000e+06
3.290980000000000000e+06
3.291071000000000000e+06
3.291515000000000000e+06
3.291556000000000000e+06
3.291637000000000000e+06
3.291751000000000000e+06
3.291801000000000000e+06
3.291955000000000000e+06
3.292055000000000000e+06
3.292112000000000000e+06
3.292132000000000000e+06
3.292366000000000000e+06
3.292421000000000000e+06
3.292765000000000000e+06
3.292768000000000000e+06
3.292783000000000000e+06
3.293002000000000000e+06
3.293721000000000000e+06
3.293870000000000000e+06
3.293898000000000000e+06
3.293934000000000000e+06
3.293968000000000000e+06
3.294018000000000000e+06
3.294869000000000000e+06
3.294957000000000000e+06
3.294969000000000000e+06
3.295014000000000000e+06
3.295040000000000000e+06
3.295197000000000000e+06
3.295203000000000000e+06
3.296119000000000000e+06
3.296189000000000000e+06
3.296608000000000000e+06
3.296810000000000000e+06
3.296903000000000000e+06
3.296978000000000000e+06
3.297241000000000000e+06
3.297278000000000000e+06
3.297353000000000000e+06
3.297422000000000000e+06
3.297603000000000000e+06
3.297662000000000000e+06
3.297914000000000000e+06
3.297986000000000000e+06
3.298216000000000000e+06
3.298220000000000000e+06
3.298222000000000000e+06
3.298234000000000000e+06
3.298341000000000000e+06
3.298639000000000000e+06
3.298734000000000000e+06
3.298869000000000000e+06
3.298876000000000000e+06
3.298940000000000000e+06
3.298954000000000000e+06
3.299010000000000000e+06
3.299055000000000000e+06
3.299079000000000000e+06
3.299470000000000000e+06
3.299507000000000000e+06
3.299574000000000000e+06
3.299648000000000000e+06
3.299742000000000000e+06
3.300049000000000000e+06
3.300166000000000000e+06
3.300170000000000000e+06
3.300681000000000000e+06
3.300821000000000000e+06
3.300949000000000000e+06
3.301087000000000000e+06
3.301134000000000000e+06
3.301149000000000000e+06
3.301162000000000000e+06
3.301330000000000000e+06
3.301337000000000000e+06
3.301710000000000000e+06
3.301792000000000000e+06
3.301795000000000000e+06
3.301971000000000000e+06
3.302310000000000000e+06
3.302632000000000000e+06
3.302654000000000000e+06
3.302792000000000000e+06
3.302955000000000000e+06
3.303247000000000000e+06
3.303307000000000000e+06
3.303850000000000000e+06
3.303893000000000000e+06
3.303909000000000000e+06
3.304058000000000000e+06
3.304265000000000000e+06
3.304549000000000000e+06
3.304822000000000000e+06
3.305034000000000000e+06
3.305136000000000000e+06
3.305459000000000000e+06
3.305799000000000000e+06
3.305935000000000000e+06
3.306038000000000000e+06
3.306051000000000000e+06
3.306228000000000000e+06
3.306302000000000000e+06
3.306403000000000000e+06
3.306505000000000000e+06
3.306676000000000000e+06
3.306858000000000000e+06
3.306898000000000000e+06
3.307351000000000000e+06
3.307373000000000000e+06
3.307679000000000000e+06
3.308133000000000000e+06
3.308202000000000000e+06
3.308355000000000000e+06
3.308841000000000000e+06
3.308850000000000000e+06
3.308874000000000000e+06
3.308879000000000000e+06
3.308980000000000000e+06
3.309553000000000000e+06
3.309572000000000000e+06
3.309820000000000000e+06
3.310003000000000000e+06
3.310037000000000000e+06
3.310255000000000000e+06
3.310419000000000000e+06
3.310434000000000000e+06
3.310464000000000000e+06
3.310620000000000000e+06
3.310782000000000000e+06
3.311014000000000000e+06
3.311146000000000000e+06
3.311226000000000000e+06
3.311297000000000000e+06
3.311301000000000000e+06
3.311509000000000000e+06
3.311786000000000000e+06
3.311794000000000000e+06
3.311871000000000000e+06
3.312127000000000000e+06
3.312248000000000000e+06
3.312363000000000000e+06
3.312429000000000000e+06
3.312613000000000000e+06
3.312640000000000000e+06
3.312650000000000000e+06
3.312743000000000000e+06
3.312935000000000000e+06
3.313132000000000000e+06
3.313152000000000000e+06
3.313188000000000000e+06
3.313283000000000000e+06
3.313551000000000000e+06
3.313778000000000000e+06
3.313843000000000000e+06
3.313850000000000000e+06
3.314070000000000000e+06
3.314161000000000000e+06
3.314400000000000000e+06
3.314656000000000000e+06
3.314689000000000000e+06
3.314823000000000000e+06
3.314834000000000000e+06
3.314880000000000000e+06
3.314946000000000000e+06
3.315127000000000000e+06
3.315345000000000000e+06
3.315434000000000000e+06
3.315759000000000000e+06
3.316630000000000000e+06
3.316694000000000000e+06
3.316701000000000000e+06
3.316905000000000000e+06
3.317025000000000000e+06
3.317302000000000000e+06
3.317598000000000000e+06
3.317824000000000000e+06
3.317966000000000000e+06
3.318005000000000000e+06
3.318059000000000000e+06
3.318068000000000000e+06
3.318192000000000000e+06
3.318288000000000000e+06
3.318529000000000000e+06
3.318569000000000000e+06
3.318662000000000000e+06
3.318906000000000000e+06
3.318928000000000000e+06
3.319432000000000000e+06
3.319588000000000000e+06
3.319673000000000000e+06
3.319846000000000000e+06
3.320080000000000000e+06
3.320162000000000000e+06
3.320166000000000000e+06
3.320167000000000000e+06
3.320473000000000000e+06
3.320529000000000000e+06
3.320564000000000000e+06
3.320709000000000000e+06
3.320731000000000000e+06
3.320879000000000000e+06
3.321089000000000000e+06
3.321173000000000000e+06
3.321263000000000000e+06
3.321295000000000000e+06
3.321378000000000000e+06
3.321390000000000000e+06
3.321403000000000000e+06
3.321509000000000000e+06
3.321605000000000000e+06
3.321703000000000000e+06
3.321750000000000000e+06
3.321807000000000000e+06
3.322238000000000000e+06
3.322310000000000000e+06
3.322391000000000000e+06
3.322513000000000000e+06
3.322701000000000000e+06
3.322785000000000000e+06
3.322801000000000000e+06
3.322809000000000000e+06
3.322901000000000000e+06
3.323301000000000000e+06
3.323395000000000000e+06
3.323540000000000000e+06
3.323611000000000000e+06
3.324040000000000000e+06
3.324104000000000000e+06
3.324235000000000000e+06
3.324270000000000000e+06
3.324281000000000000e+06
3.324395000000000000e+06
3.324414000000000000e+06
3.324614000000000000e+06
3.324659000000000000e+06
3.325000000000000000e+06
3.325014000000000000e+06
3.325036000000000000e+06
3.325043000000000000e+06
3.325104000000000000e+06
3.325182000000000000e+06
3.325266000000000000e+06
3.325334000000000000e+06
3.325388000000000000e+06
3.325701000000000000e+06
3.325733000000000000e+06
3.326133000000000000e+06
3.326332000000000000e+06
3.326370000000000000e+06
3.327122000000000000e+06
3.327194000000000000e+06
3.327244000000000000e+06
3.327377000000000000e+06
3.327429000000000000e+06
3.327495000000000000e+06
3.327572000000000000e+06
3.327583000000000000e+06
3.327824000000000000e+06
3.328206000000000000e+06
3.328389000000000000e+06
3.328433000000000000e+06
3.328731000000000000e+06
3.328747000000000000e+06
3.328905000000000000e+06
3.329044000000000000e+06
3.329057000000000000e+06
3.329781000000000000e+06
3.329874000000000000e+06
3.329922000000000000e+06
3.329925000000000000e+06
3.330070000000000000e+06
3.330116000000000000e+06
3.330148000000000000e+06
3.330279000000000000e+06
3.330341000000000000e+06
3.330377000000000000e+06
3.330566000000000000e+06
3.330653000000000000e+06
3.330692000000000000e+06
3.330723000000000000e+06
3.330773000000000000e+06
3.331114000000000000e+06
3.331233000000000000e+06
3.331493000000000000e+06
3.331711000000000000e+06
3.331712000000000000e+06
3.331834000000000000e+06
3.332223000000000000e+06
3.332386000000000000e+06
3.333000000000000000e+06
3.333658000000000000e+06
3.333677000000000000e+06
3.333742000000000000e+06
3.334000000000000000e+06
3.334020000000000000e+06
3.334028000000000000e+06
3.334046000000000000e+06
3.334186000000000000e+06
3.334284000000000000e+06
3.334497000000000000e+06
3.334748000000000000e+06
3.334947000000000000e+06
3.335159000000000000e+06
3.335201000000000000e+06
3.335204000000000000e+06
3.335305000000000000e+06
3.335579000000000000e+06
3.335595000000000000e+06
3.335606000000000000e+06
3.335624000000000000e+06
3.335716000000000000e+06
3.335965000000000000e+06
3.336292000000000000e+06
3.336380000000000000e+06
3.336531000000000000e+06
3.336545000000000000e+06
3.336572000000000000e+06
3.337102000000000000e+06
3.337159000000000000e+06
3.337190000000000000e+06
3.337200000000000000e+06
3.337448000000000000e+06
3.337493000000000000e+06
3.337715000000000000e+06
3.337780000000000000e+06
3.337824000000000000e+06
3.338079000000000000e+06
3.338240000000000000e+06
3.338434000000000000e+06
3.338467000000000000e+06
3.338531000000000000e+06
3.338543000000000000e+06
3.338981000000000000e+06
3.339240000000000000e+06
3.339282000000000000e+06
3.339422000000000000e+06
3.339651000000000000e+06
3.339654000000000000e+06
3.339911000000000000e+06
3.339958000000000000e+06
3.340110000000000000e+06
3.340218000000000000e+06
3.340314000000000000e+06
3.340370000000000000e+06
3.340533000000000000e+06
3.340617000000000000e+06
3.340659000000000000e+06
3.340682000000000000e+06
3.340921000000000000e+06
3.341035000000000000e+06
3.341201000000000000e+06
3.341291000000000000e+06
3.341358000000000000e+06
3.341573000000000000e+06
3.341674000000000000e+06
3.341750000000000000e+06
3.341835000000000000e+06
3.341876000000000000e+06
3.342031000000000000e+06
3.342057000000000000e+06
3.342070000000000000e+06
3.342268000000000000e+06
3.342444000000000000e+06
3.342545000000000000e+06
3.342648000000000000e+06
3.342755000000000000e+06
3.342762000000000000e+06
3.342894000000000000e+06
3.342995000000000000e+06
3.343132000000000000e+06
3.343150000000000000e+06
3.343153000000000000e+06
3.343235000000000000e+06
3.343392000000000000e+06
3.343503000000000000e+06
3.343839000000000000e+06
3.344300000000000000e+06
3.344308000000000000e+06
3.344455000000000000e+06
3.344650000000000000e+06
3.345088000000000000e+06
3.345225000000000000e+06
3.345266000000000000e+06
3.345495000000000000e+06
3.346015000000000000e+06
3.346028000000000000e+06
3.346093000000000000e+06
3.346273000000000000e+06
3.346291000000000000e+06
3.346322000000000000e+06
3.346324000000000000e+06
3.346612000000000000e+06
3.346797000000000000e+06
3.346909000000000000e+06
3.347069000000000000e+06
3.347627000000000000e+06
3.347647000000000000e+06
3.347783000000000000e+06
3.347875000000000000e+06
3.347924000000000000e+06
3.347989000000000000e+06
3.348011000000000000e+06
3.348138000000000000e+06
3.348178000000000000e+06
3.348307000000000000e+06
3.348316000000000000e+06
3.348343000000000000e+06
3.348727000000000000e+06
3.348984000000000000e+06
3.349020000000000000e+06
3.349097000000000000e+06
3.349221000000000000e+06
3.349383000000000000e+06
3.349615000000000000e+06
3.349645000000000000e+06
3.349659000000000000e+06
3.349695000000000000e+06
3.350232000000000000e+06
3.350348000000000000e+06
3.350450000000000000e+06
3.350458000000000000e+06
3.351036000000000000e+06
3.351445000000000000e+06
3.351800000000000000e+06
3.352056000000000000e+06
3.352370000000000000e+06
3.352375000000000000e+06
3.352727000000000000e+06
3.352797000000000000e+06
3.352903000000000000e+06
3.353438000000000000e+06
3.353647000000000000e+06
3.354056000000000000e+06
3.354114000000000000e+06
3.354137000000000000e+06
3.354172000000000000e+06
3.354281000000000000e+06
3.354324000000000000e+06
3.354404000000000000e+06
3.354597000000000000e+06
3.355041000000000000e+06
3.355141000000000000e+06
3.355156000000000000e+06
3.355164000000000000e+06
3.355200000000000000e+06
3.355590000000000000e+06
3.355663000000000000e+06
3.355726000000000000e+06
3.356083000000000000e+06
3.356219000000000000e+06
3.356271000000000000e+06
3.356409000000000000e+06
3.356440000000000000e+06
3.356565000000000000e+06
3.356729000000000000e+06
3.357134000000000000e+06
3.357175000000000000e+06
3.357364000000000000e+06
3.357521000000000000e+06
3.357611000000000000e+06
3.357637000000000000e+06
3.357996000000000000e+06
3.358289000000000000e+06
3.358362000000000000e+06
3.358403000000000000e+06
3.358446000000000000e+06
3.358513000000000000e+06
3.358625000000000000e+06
3.358665000000000000e+06
3.358818000000000000e+06
3.358931000000000000e+06
3.359004000000000000e+06
3.359188000000000000e+06
3.359458000000000000e+06
3.359495000000000000e+06
3.359612000000000000e+06
3.359640000000000000e+06
3.359676000000000000e+06
3.359712000000000000e+06
3.359765000000000000e+06
3.359866000000000000e+06
3.359897000000000000e+06
3.359946000000000000e+06
3.359963000000000000e+06
3.360204000000000000e+06
3.360217000000000000e+06
3.360220000000000000e+06
3.360375000000000000e+06
3.360905000000000000e+06
3.361218000000000000e+06
3.361220000000000000e+06
3.361877000000000000e+06
3.361904000000000000e+06
3.361986000000000000e+06
3.362216000000000000e+06
3.362245000000000000e+06
3.362310000000000000e+06
3.362465000000000000e+06
3.362481000000000000e+06
3.362684000000000000e+06
3.362807000000000000e+06
3.362849000000000000e+06
3.362930000000000000e+06
3.362973000000000000e+06
3.363900000000000000e+06
3.363976000000000000e+06
3.363995000000000000e+06
3.364020000000000000e+06
3.364066000000000000e+06
3.364094000000000000e+06
3.364137000000000000e+06
3.364240000000000000e+06
3.364565000000000000e+06
3.364664000000000000e+06
3.365069000000000000e+06
3.365126000000000000e+06
3.365167000000000000e+06
3.365207000000000000e+06
3.365466000000000000e+06
3.365649000000000000e+06
3.365862000000000000e+06
3.365917000000000000e+06
3.365994000000000000e+06
3.366137000000000000e+06
3.366316000000000000e+06
3.366327000000000000e+06
3.366331000000000000e+06
3.366748000000000000e+06
3.366751000000000000e+06
3.366845000000000000e+06
3.366869000000000000e+06
3.367032000000000000e+06
3.367222000000000000e+06
3.367253000000000000e+06
3.367379000000000000e+06
3.367808000000000000e+06
3.367889000000000000e+06
3.367928000000000000e+06
3.368103000000000000e+06
3.368196000000000000e+06
3.368269000000000000e+06
3.368297000000000000e+06
3.368353000000000000e+06
3.368377000000000000e+06
3.368608000000000000e+06
3.368954000000000000e+06
3.369019000000000000e+06
3.369168000000000000e+06
3.369250000000000000e+06
3.369267000000000000e+06
3.369270000000000000e+06
3.369394000000000000e+06
3.369464000000000000e+06
3.369538000000000000e+06
3.369764000000000000e+06
3.369834000000000000e+06
3.369848000000000000e+06
3.369959000000000000e+06
3.370272000000000000e+06
3.370640000000000000e+06
3.370707000000000000e+06
3.370920000000000000e+06
3.371005000000000000e+06
3.371191000000000000e+06
3.371249000000000000e+06
3.371272000000000000e+06
3.371435000000000000e+06
3.371592000000000000e+06
3.371629000000000000e+06
3.371999000000000000e+06
3.372048000000000000e+06
3.372136000000000000e+06
3.372292000000000000e+06
3.372328000000000000e+06
3.372698000000000000e+06
3.372983000000000000e+06
3.373055000000000000e+06
3.373100000000000000e+06
3.373241000000000000e+06
3.373542000000000000e+06
3.373686000000000000e+06
3.374070000000000000e+06
3.374169000000000000e+06
3.374188000000000000e+06
3.374212000000000000e+06
3.374277000000000000e+06
3.374331000000000000e+06
3.374384000000000000e+06
3.374735000000000000e+06
3.374761000000000000e+06
3.374906000000000000e+06
3.375340000000000000e+06
3.375523000000000000e+06
3.375654000000000000e+06
3.375703000000000000e+06
3.375797000000000000e+06
3.375814000000000000e+06
3.375926000000000000e+06
3.375983000000000000e+06
3.376193000000000000e+06
3.376300000000000000e+06
3.376339000000000000e+06
3.376376000000000000e+06
3.376377000000000000e+06
3.376417000000000000e+06
3.376506000000000000e+06
3.376611000000000000e+06
3.376641000000000000e+06
3.376920000000000000e+06
3.376983000000000000e+06
3.377085000000000000e+06
3.377093000000000000e+06
3.377195000000000000e+06
3.377333000000000000e+06
3.377529000000000000e+06
3.377759000000000000e+06
3.377844000000000000e+06
3.377860000000000000e+06
3.378085000000000000e+06
3.378108000000000000e+06
3.378124000000000000e+06
3.378403000000000000e+06
3.378530000000000000e+06
3.378607000000000000e+06
3.378677000000000000e+06
3.378894000000000000e+06
3.379028000000000000e+06
3.379196000000000000e+06
3.379501000000000000e+06
3.379606000000000000e+06
3.379634000000000000e+06
3.379686000000000000e+06
3.379722000000000000e+06
3.379752000000000000e+06
3.379883000000000000e+06
3.379941000000000000e+06
3.379952000000000000e+06
3.380300000000000000e+06
3.380450000000000000e+06
3.380555000000000000e+06
3.380636000000000000e+06
3.380758000000000000e+06
3.380836000000000000e+06
3.380848000000000000e+06
3.381005000000000000e+06
3.381403000000000000e+06
3.381446000000000000e+06
3.381879000000000000e+06
3.381916000000000000e+06
3.382572000000000000e+06
3.382587000000000000e+06
3.382593000000000000e+06
3.382660000000000000e+06
3.382750000000000000e+06
3.383119000000000000e+06
3.383161000000000000e+06
3.383316000000000000e+06
3.383349000000000000e+06
3.383543000000000000e+06
3.383556000000000000e+06
3.383960000000000000e+06
3.384031000000000000e+06
3.384276000000000000e+06
3.384352000000000000e+06
3.384387000000000000e+06
3.384439000000000000e+06
3.384574000000000000e+06
3.384639000000000000e+06
3.384749000000000000e+06
3.384881000000000000e+06
3.385028000000000000e+06
3.385295000000000000e+06
3.385453000000000000e+06
3.385587000000000000e+06
3.385689000000000000e+06
3.385803000000000000e+06
3.386044000000000000e+06
3.386259000000000000e+06
3.386312000000000000e+06
3.386412000000000000e+06
3.386619000000000000e+06
3.386690000000000000e+06
3.386691000000000000e+06
3.386707000000000000e+06
3.386720000000000000e+06
3.386819000000000000e+06
3.386917000000000000e+06
3.387052000000000000e+06
3.387325000000000000e+06
3.387332000000000000e+06
3.387566000000000000e+06
3.387715000000000000e+06
3.387732000000000000e+06
3.388065000000000000e+06
3.388260000000000000e+06
3.388307000000000000e+06
3.388481000000000000e+06
3.388791000000000000e+06
3.389092000000000000e+06
3.389232000000000000e+06
3.389298000000000000e+06
3.389451000000000000e+06
3.389531000000000000e+06
3.389728000000000000e+06
3.389759000000000000e+06
3.389984000000000000e+06
3.390104000000000000e+06
3.390137000000000000e+06
3.390174000000000000e+06
3.390175000000000000e+06
3.390384000000000000e+06
3.390447000000000000e+06
3.390690000000000000e+06
3.390928000000000000e+06
3.390984000000000000e+06
3.391133000000000000e+06
3.391344000000000000e+06
3.391425000000000000e+06
3.391489000000000000e+06
3.391529000000000000e+06
3.391536000000000000e+06
3.391604000000000000e+06
3.391853000000000000e+06
3.391874000000000000e+06
3.392030000000000000e+06
3.392098000000000000e+06
3.392421000000000000e+06
3.392724000000000000e+06
3.392816000000000000e+06
3.392850000000000000e+06
3.392897000000000000e+06
3.393073000000000000e+06
3.393198000000000000e+06
3.393463000000000000e+06
3.393801000000000000e+06
3.393994000000000000e+06
3.394123000000000000e+06
3.394184000000000000e+06
3.394316000000000000e+06
3.394596000000000000e+06
3.394897000000000000e+06
3.394973000000000000e+06
3.394975000000000000e+06
3.395042000000000000e+06
3.395046000000000000e+06
3.395307000000000000e+06
3.395531000000000000e+06
3.395538000000000000e+06
3.395608000000000000e+06
3.395659000000000000e+06
3.395697000000000000e+06
3.395830000000000000e+06
3.395847000000000000e+06
3.396041000000000000e+06
3.396279000000000000e+06
3.396290000000000000e+06
3.396293000000000000e+06
3.396303000000000000e+06
3.396344000000000000e+06
3.396373000000000000e+06
3.396535000000000000e+06
3.396715000000000000e+06
3.397036000000000000e+06
3.397304000000000000e+06
3.397366000000000000e+06
3.397437000000000000e+06
3.398030000000000000e+06
3.398162000000000000e+06
3.398216000000000000e+06
3.398223000000000000e+06
3.398230000000000000e+06
3.398285000000000000e+06
3.398871000000000000e+06
3.398876000000000000e+06
3.398942000000000000e+06
3.399293000000000000e+06
3.399531000000000000e+06
3.399542000000000000e+06
3.399602000000000000e+06
3.399608000000000000e+06
3.399803000000000000e+06
3.400027000000000000e+06
3.400165000000000000e+06
3.400274000000000000e+06
3.400530000000000000e+06
3.400564000000000000e+06
3.400617000000000000e+06
3.400895000000000000e+06
3.401059000000000000e+06
3.401076000000000000e+06
3.401400000000000000e+06
3.401407000000000000e+06
3.401441000000000000e+06
3.401769000000000000e+06
3.401989000000000000e+06
3.402029000000000000e+06
3.402110000000000000e+06
3.402179000000000000e+06
3.402294000000000000e+06
3.402338000000000000e+06
3.402363000000000000e+06
3.402428000000000000e+06
3.402717000000000000e+06
3.403009000000000000e+06
3.403034000000000000e+06
3.403052000000000000e+06
3.403129000000000000e+06
3.403290000000000000e+06
3.403478000000000000e+06
3.403586000000000000e+06
3.403652000000000000e+06
3.403862000000000000e+06
3.404143000000000000e+06
3.404187000000000000e+06
3.404254000000000000e+06
3.404293000000000000e+06
3.404328000000000000e+06
3.404415000000000000e+06
3.404667000000000000e+06
3.404722000000000000e+06
3.404818000000000000e+06
3.404831000000000000e+06
3.404860000000000000e+06
3.404869000000000000e+06
3.405051000000000000e+06
3.405254000000000000e+06
3.405380000000000000e+06
3.405795000000000000e+06
3.405850000000000000e+06
3.405852000000000000e+06
3.405987000000000000e+06
3.406495000000000000e+06
3.406731000000000000e+06
3.406890000000000000e+06
3.407052000000000000e+06
3.407093000000000000e+06
3.407152000000000000e+06
3.407358000000000000e+06
3.407437000000000000e+06
3.407670000000000000e+06
3.407892000000000000e+06
3.408014000000000000e+06
3.408048000000000000e+06
3.408325000000000000e+06
3.408397000000000000e+06
3.408462000000000000e+06
3.408487000000000000e+06
3.408830000000000000e+06
3.409053000000000000e+06
3.409317000000000000e+06
3.409537000000000000e+06
3.409669000000000000e+06
3.409826000000000000e+06
3.409848000000000000e+06
3.409973000000000000e+06
3.410013000000000000e+06
3.410023000000000000e+06
3.410142000000000000e+06
3.410436000000000000e+06
3.410659000000000000e+06
3.410813000000000000e+06
3.411227000000000000e+06
3.411235000000000000e+06
3.411309000000000000e+06
3.411498000000000000e+06
3.411524000000000000e+06
3.411740000000000000e+06
3.411789000000000000e+06
3.411924000000000000e+06
3.411999000000000000e+06
3.412060000000000000e+06
3.412158000000000000e+06
3.412245000000000000e+06
3.412522000000000000e+06
3.412547000000000000e+06
3.412708000000000000e+06
3.412714000000000000e+06
3.412820000000000000e+06
3.412941000000000000e+06
3.413019000000000000e+06
3.413041000000000000e+06
3.413067000000000000e+06
3.413148000000000000e+06
3.413317000000000000e+06
3.413608000000000000e+06
3.413764000000000000e+06
3.413787000000000000e+06
3.413983000000000000e+06
3.414009000000000000e+06
3.414060000000000000e+06
3.414064000000000000e+06
3.414161000000000000e+06
3.414166000000000000e+06
3.414246000000000000e+06
3.414314000000000000e+06
3.414334000000000000e+06
3.414708000000000000e+06
3.414840000000000000e+06
3.415160000000000000e+06
3.415483000000000000e+06
3.416064000000000000e+06
3.416385000000000000e+06
3.416387000000000000e+06
3.416889000000000000e+06
3.416937000000000000e+06
3.417019000000000000e+06
3.417147000000000000e+06
3.417301000000000000e+06
3.417342000000000000e+06
3.417575000000000000e+06
3.417644000000000000e+06
3.418241000000000000e+06
3.418556000000000000e+06
3.419109000000000000e+06
3.419285000000000000e+06
3.419418000000000000e+06
3.419537000000000000e+06
3.419693000000000000e+06
3.419711000000000000e+06
3.419759000000000000e+06
3.419771000000000000e+06
3.419857000000000000e+06
3.419979000000000000e+06
3.420294000000000000e+06
3.420387000000000000e+06
3.420438000000000000e+06
3.420721000000000000e+06
3.420795000000000000e+06
3.421134000000000000e+06
3.421326000000000000e+06
3.421386000000000000e+06
3.421569000000000000e+06
3.421979000000000000e+06
