3.010000000000000000e+02
3.350000000000000000e+02
3.810000000000000000e+02
5.550000000000000000e+02
8.550000000000000000e+02
9.940000000000000000e+02
1.178000000000000000e+03
1.209000000000000000e+03
1.562000000000000000e+03
1.622000000000000000e+03
1.753000000000000000e+03
1.771000000000000000e+03
1.924000000000000000e+03
2.117000000000000000e+03
2.466000000000000000e+03
2.726000000000000000e+03
2.845000000000000000e+03
2.916000000000000000e+03
3.020000000000000000e+03
3.063000000000000000e+03
3.193000000000000000e+03
3.330000000000000000e+03
3.535000000000000000e+03
3.536000000000000000e+03
3.637000000000000000e+03
3.971000000000000000e+03
4.101000000000000000e+03
4.281000000000000000e+03
4.289000000000000000e+03
4.365000000000000000e+03
4.743000000000000000e+03
4.871000000000000000e+03
5.032000000000000000e+03
5.155000000000000000e+03
5.323000000000000000e+03
5.430000000000000000e+03
5.446000000000000000e+03
5.547000000000000000e+03
5.724000000000000000e+03
5.732000000000000000e+03
6.280000000000000000e+03
6.552000000000000000e+03
6.557000000000000000e+03
6.624000000000000000e+03
6.802000000000000000e+03
6.849000000000000000e+03
7.162000000000000000e+03
7.279000000000000000e+03
7.300000000000000000e+03
7.326000000000000000e+03
7.350000000000000000e+03
7.385000000000000000e+03
7.407000000000000000e+03
7.857000000000000000e+03
7.886000000000000000e+03
8.172000000000000000e+03
8.255000000000000000e+03
8.376000000000000000e+03
4.623990000000000000e+05
4.625550000000000000e+05
4.627270000000000000e+05
4.628580000000000000e+05
4.633610000000000000e+05
4.636300000000000000e+05
4.637950000000000000e+05
4.639180000000000000e+05
4.641290000000000000e+05
4.642050000000000000e+05
4.644400000000000000e+05
4.645660000000000000e+05
4.649130000000000000e+05
4.649610000000000000e+05
4.649930000000000000e+05
4.654950000000000000e+05
4.656800000000000000e+05
4.657240000000000000e+05
4.660020000000000000e+05
4.665160000000000000e+05
4.669930000000000000e+05
4.671290000000000000e+05
4.671520000000000000e+05
4.673580000000000000e+05
4.674040000000000000e+05
4.675330000000000000e+05
4.676390000000000000e+05
4.677890000000000000e+05
4.679500000000000000e+05
4.680030000000000000e+05
4.682210000000000000e+05
4.683580000000000000e+05
4.684410000000000000e+05
4.685010000000000000e+05
4.687820000000000000e+05
4.690190000000000000e+05
4.696390000000000000e+05
4.696520000000000000e+05
4.697230000000000000e+05
4.697530000000000000e+05
4.698040000000000000e+05
4.698180000000000000e+05
4.699810000000000000e+05
4.699950000000000000e+05
4.700980000000000000e+05
4.702160000000000000e+05
4.702910000000000000e+05
4.703380000000000000e+05
4.703540000000000000e+05
4.705360000000000000e+05
4.705770000000000000e+05
4.709890000000000000e+05
4.713660000000000000e+05
4.714190000000000000e+05
4.715260000000000000e+05
4.715730000000000000e+05
4.716350000000000000e+05
4.717270000000000000e+05
4.719020000000000000e+05
4.720650000000000000e+05
4.720780000000000000e+05
4.726140000000000000e+05
4.726170000000000000e+05
4.727010000000000000e+05
4.730030000000000000e+05
4.730360000000000000e+05
4.731980000000000000e+05
4.732110000000000000e+05
4.732150000000000000e+05
4.732560000000000000e+05
4.732580000000000000e+05
4.733340000000000000e+05
4.733600000000000000e+05
4.734110000000000000e+05
4.735610000000000000e+05
4.735970000000000000e+05
4.736580000000000000e+05
4.738140000000000000e+05
4.742170000000000000e+05
4.742610000000000000e+05
4.744420000000000000e+05
4.744430000000000000e+05
4.744720000000000000e+05
4.746580000000000000e+05
4.747500000000000000e+05
4.748280000000000000e+05
4.748670000000000000e+05
4.750370000000000000e+05
4.750700000000000000e+05
4.751950000000000000e+05
4.753030000000000000e+05
4.753240000000000000e+05
4.758350000000000000e+05
4.761190000000000000e+05
4.762070000000000000e+05
4.765860000000000000e+05
4.768910000000000000e+05
4.769420000000000000e+05
4.774530000000000000e+05
4.777020000000000000e+05
4.778350000000000000e+05
4.779480000000000000e+05
4.781550000000000000e+05
4.781790000000000000e+05
4.781970000000000000e+05
4.782680000000000000e+05
4.783560000000000000e+05
4.786290000000000000e+05
4.789850000000000000e+05
4.791640000000000000e+05
4.793060000000000000e+05
4.793180000000000000e+05
4.794450000000000000e+05
4.796520000000000000e+05
4.798450000000000000e+05
4.798490000000000000e+05
4.799830000000000000e+05
4.801340000000000000e+05
4.801660000000000000e+05
4.802750000000000000e+05
4.802760000000000000e+05
4.807140000000000000e+05
4.807400000000000000e+05
4.807480000000000000e+05
4.807770000000000000e+05
4.807790000000000000e+05
4.808530000000000000e+05
4.808740000000000000e+05
4.809040000000000000e+05
4.815040000000000000e+05
4.817250000000000000e+05
4.818680000000000000e+05
4.818740000000000000e+05
4.820010000000000000e+05
4.821800000000000000e+05
4.821870000000000000e+05
4.822890000000000000e+05
4.824900000000000000e+05
4.824940000000000000e+05
4.825490000000000000e+05
4.825550000000000000e+05
4.827160000000000000e+05
4.827350000000000000e+05
4.827880000000000000e+05
4.830670000000000000e+05
4.834830000000000000e+05
4.841720000000000000e+05
4.841880000000000000e+05
4.842050000000000000e+05
4.842070000000000000e+05
4.846160000000000000e+05
4.848480000000000000e+05
4.848690000000000000e+05
4.848830000000000000e+05
4.850500000000000000e+05
4.862440000000000000e+05
4.863050000000000000e+05
4.863140000000000000e+05
4.864230000000000000e+05
4.864510000000000000e+05
4.866690000000000000e+05
4.869420000000000000e+05
4.869760000000000000e+05
4.870310000000000000e+05
4.871040000000000000e+05
4.872380000000000000e+05
4.874680000000000000e+05
4.875660000000000000e+05
4.876930000000000000e+05
4.877920000000000000e+05
4.879750000000000000e+05
4.879850000000000000e+05
4.882030000000000000e+05
4.882800000000000000e+05
4.883020000000000000e+05
4.883400000000000000e+05
4.883460000000000000e+05
4.887870000000000000e+05
4.888120000000000000e+05
4.889090000000000000e+05
4.893530000000000000e+05
4.895690000000000000e+05
4.897310000000000000e+05
4.898000000000000000e+05
4.902210000000000000e+05
4.902600000000000000e+05
4.905350000000000000e+05
4.905690000000000000e+05
4.906680000000000000e+05
4.907570000000000000e+05
4.907690000000000000e+05
4.907720000000000000e+05
4.909250000000000000e+05
4.912120000000000000e+05
4.912720000000000000e+05
4.913120000000000000e+05
4.913800000000000000e+05
4.913900000000000000e+05
4.917740000000000000e+05
4.920710000000000000e+05
4.921440000000000000e+05
4.923580000000000000e+05
4.925450000000000000e+05
4.926940000000000000e+05
4.927490000000000000e+05
4.928100000000000000e+05
4.928170000000000000e+05
4.928790000000000000e+05
4.929040000000000000e+05
4.936530000000000000e+05
4.937040000000000000e+05
4.937170000000000000e+05
4.942110000000000000e+05
4.942450000000000000e+05
4.945790000000000000e+05
4.946080000000000000e+05
4.947850000000000000e+05
4.951060000000000000e+05
4.953250000000000000e+05
4.953700000000000000e+05
4.954970000000000000e+05
4.956910000000000000e+05
4.958160000000000000e+05
4.958250000000000000e+05
4.959890000000000000e+05
4.962960000000000000e+05
4.963670000000000000e+05
4.964000000000000000e+05
4.966080000000000000e+05
4.971000000000000000e+05
4.972630000000000000e+05
4.973840000000000000e+05
4.974470000000000000e+05
4.975590000000000000e+05
4.975910000000000000e+05
4.976700000000000000e+05
4.980230000000000000e+05
4.980750000000000000e+05
4.982280000000000000e+05
4.984510000000000000e+05
4.988670000000000000e+05
4.992210000000000000e+05
4.992510000000000000e+05
4.993410000000000000e+05
4.994850000000000000e+05
4.998270000000000000e+05
4.998500000000000000e+05
5.000330000000000000e+05
5.001020000000000000e+05
5.001750000000000000e+05
5.003100000000000000e+05
5.003680000000000000e+05
5.004140000000000000e+05
5.004530000000000000e+05
5.006690000000000000e+05
5.007490000000000000e+05
5.008660000000000000e+05
5.010650000000000000e+05
5.010820000000000000e+05
5.010840000000000000e+05
5.014900000000000000e+05
5.016590000000000000e+05
5.016830000000000000e+05
5.017980000000000000e+05
5.018810000000000000e+05
5.022590000000000000e+05
5.022890000000000000e+05
5.023110000000000000e+05
5.027870000000000000e+05
5.028460000000000000e+05
5.029990000000000000e+05
5.030200000000000000e+05
5.030510000000000000e+05
5.031250000000000000e+05
5.032370000000000000e+05
5.033070000000000000e+05
5.033670000000000000e+05
5.041660000000000000e+05
5.042000000000000000e+05
5.044760000000000000e+05
5.044800000000000000e+05
5.044960000000000000e+05
5.051050000000000000e+05
5.051640000000000000e+05
5.052310000000000000e+05
5.053080000000000000e+05
5.053830000000000000e+05
5.054030000000000000e+05
5.057240000000000000e+05
5.057340000000000000e+05
5.058600000000000000e+05
5.059840000000000000e+05
5.061080000000000000e+05
5.061640000000000000e+05
5.064770000000000000e+05
5.065170000000000000e+05
5.065550000000000000e+05
5.066760000000000000e+05
5.069670000000000000e+05
5.070890000000000000e+05
5.072730000000000000e+05
5.076250000000000000e+05
5.077140000000000000e+05
5.077770000000000000e+05
5.078330000000000000e+05
5.079010000000000000e+05
5.079620000000000000e+05
5.080330000000000000e+05
5.082070000000000000e+05
5.083400000000000000e+05
5.085820000000000000e+05
5.088090000000000000e+05
5.088950000000000000e+05
5.091000000000000000e+05
5.093580000000000000e+05
5.093600000000000000e+05
5.097400000000000000e+05
5.100620000000000000e+05
5.101130000000000000e+05
5.103310000000000000e+05
5.105520000000000000e+05
5.105600000000000000e+05
5.107630000000000000e+05
5.108300000000000000e+05
5.110550000000000000e+05
5.112200000000000000e+05
5.114870000000000000e+05
5.117110000000000000e+05
5.117960000000000000e+05
5.118430000000000000e+05
5.118940000000000000e+05
5.121340000000000000e+05
5.122250000000000000e+05
5.123450000000000000e+05
5.125510000000000000e+05
5.127820000000000000e+05
5.127950000000000000e+05
5.128940000000000000e+05
5.129730000000000000e+05
5.129890000000000000e+05
5.130450000000000000e+05
5.130820000000000000e+05
5.131110000000000000e+05
5.131430000000000000e+05
5.132340000000000000e+05
5.134140000000000000e+05
5.134610000000000000e+05
5.137160000000000000e+05
5.139490000000000000e+05
5.140080000000000000e+05
5.140530000000000000e+05
5.141560000000000000e+05
5.142520000000000000e+05
5.142930000000000000e+05
5.143720000000000000e+05
5.143920000000000000e+05
5.145000000000000000e+05
5.148030000000000000e+05
5.148390000000000000e+05
5.149080000000000000e+05
5.149290000000000000e+05
5.149310000000000000e+05
5.150790000000000000e+05
5.151780000000000000e+05
5.152340000000000000e+05
5.153310000000000000e+05
5.160570000000000000e+05
5.161930000000000000e+05
5.162210000000000000e+05
5.164050000000000000e+05
5.167670000000000000e+05
5.168170000000000000e+05
5.168490000000000000e+05
5.169030000000000000e+05
5.169270000000000000e+05
5.169790000000000000e+05
5.170720000000000000e+05
5.170730000000000000e+05
5.175770000000000000e+05
5.175910000000000000e+05
5.178470000000000000e+05
5.179440000000000000e+05
5.180630000000000000e+05
5.186850000000000000e+05
5.188100000000000000e+05
5.189640000000000000e+05
5.193410000000000000e+05
5.195510000000000000e+05
5.197020000000000000e+05
5.198240000000000000e+05
5.203540000000000000e+05
5.207890000000000000e+05
5.209760000000000000e+05
5.212640000000000000e+05
5.213490000000000000e+05
5.213830000000000000e+05
5.214190000000000000e+05
5.216980000000000000e+05
5.217120000000000000e+05
5.218100000000000000e+05
5.223950000000000000e+05
6.500570000000000000e+05
6.505230000000000000e+05
6.506660000000000000e+05
6.507960000000000000e+05
6.510210000000000000e+05
6.512770000000000000e+05
6.517110000000000000e+05
6.518810000000000000e+05
6.521540000000000000e+05
6.522900000000000000e+05
6.523440000000000000e+05
6.524030000000000000e+05
6.527280000000000000e+05
6.527560000000000000e+05
6.528040000000000000e+05
6.528870000000000000e+05
6.529740000000000000e+05
6.530650000000000000e+05
6.530960000000000000e+05
6.533460000000000000e+05
6.534010000000000000e+05
6.536580000000000000e+05
6.539890000000000000e+05
6.540800000000000000e+05
6.543030000000000000e+05
6.544580000000000000e+05
6.547210000000000000e+05
6.548450000000000000e+05
6.548590000000000000e+05
6.549350000000000000e+05
6.553920000000000000e+05
6.556460000000000000e+05
6.557450000000000000e+05
6.560690000000000000e+05
6.560790000000000000e+05
6.562190000000000000e+05
6.562990000000000000e+05
6.566880000000000000e+05
6.568170000000000000e+05
6.569000000000000000e+05
6.569490000000000000e+05
6.571320000000000000e+05
6.572650000000000000e+05
6.575310000000000000e+05
6.576150000000000000e+05
6.578480000000000000e+05
6.579940000000000000e+05
6.585200000000000000e+05
6.585940000000000000e+05
6.590260000000000000e+05
6.591150000000000000e+05
6.591250000000000000e+05
6.592590000000000000e+05
6.595530000000000000e+05
6.596870000000000000e+05
6.598220000000000000e+05
6.599090000000000000e+05
6.599230000000000000e+05
6.600470000000000000e+05
6.600910000000000000e+05
6.603560000000000000e+05
6.604000000000000000e+05
6.607530000000000000e+05
6.608400000000000000e+05
6.609370000000000000e+05
6.611260000000000000e+05
6.611510000000000000e+05
6.613340000000000000e+05
6.613880000000000000e+05
6.620870000000000000e+05
6.621190000000000000e+05
6.623140000000000000e+05
6.623190000000000000e+05
6.637360000000000000e+05
6.637480000000000000e+05
6.638000000000000000e+05
6.639190000000000000e+05
6.641780000000000000e+05
6.642450000000000000e+05
6.645250000000000000e+05
6.648690000000000000e+05
6.652050000000000000e+05
6.654340000000000000e+05
6.657140000000000000e+05
6.659270000000000000e+05
6.660100000000000000e+05
6.661010000000000000e+05
6.667220000000000000e+05
6.667440000000000000e+05
6.668750000000000000e+05
6.669080000000000000e+05
6.670330000000000000e+05
6.671090000000000000e+05
6.671230000000000000e+05
6.672310000000000000e+05
6.672860000000000000e+05
6.675760000000000000e+05
6.676450000000000000e+05
6.676580000000000000e+05
6.679440000000000000e+05
6.681170000000000000e+05
6.681840000000000000e+05
6.682850000000000000e+05
6.683160000000000000e+05
6.684250000000000000e+05
6.687520000000000000e+05
6.688670000000000000e+05
6.691420000000000000e+05
6.691450000000000000e+05
6.692180000000000000e+05
6.695560000000000000e+05
6.697020000000000000e+05
6.697680000000000000e+05
6.698900000000000000e+05
6.705310000000000000e+05
6.706650000000000000e+05
6.706840000000000000e+05
6.707780000000000000e+05
6.713090000000000000e+05
6.713190000000000000e+05
6.714710000000000000e+05
6.719570000000000000e+05
6.724560000000000000e+05
6.734090000000000000e+05
6.740480000000000000e+05
6.741980000000000000e+05
6.743610000000000000e+05
6.744680000000000000e+05
6.745500000000000000e+05
6.746880000000000000e+05
6.748120000000000000e+05
6.748540000000000000e+05
6.753530000000000000e+05
6.755580000000000000e+05
6.755610000000000000e+05
6.756990000000000000e+05
6.757140000000000000e+05
6.758740000000000000e+05
6.758970000000000000e+05
6.759590000000000000e+05
6.763670000000000000e+05
6.767100000000000000e+05
6.770230000000000000e+05
6.784160000000000000e+05
6.784630000000000000e+05
6.784710000000000000e+05
6.785620000000000000e+05
6.787220000000000000e+05
6.788260000000000000e+05
6.790360000000000000e+05
6.790410000000000000e+05
6.790720000000000000e+05
6.790730000000000000e+05
6.791350000000000000e+05
6.791700000000000000e+05
6.794520000000000000e+05
6.804960000000000000e+05
6.806470000000000000e+05
6.808560000000000000e+05
6.809100000000000000e+05
6.809660000000000000e+05
6.812500000000000000e+05
6.813920000000000000e+05
6.813960000000000000e+05
6.817410000000000000e+05
6.817450000000000000e+05
6.818570000000000000e+05
6.820800000000000000e+05
6.821150000000000000e+05
6.821500000000000000e+05
6.821810000000000000e+05
6.823940000000000000e+05
6.825130000000000000e+05
6.825420000000000000e+05
6.826620000000000000e+05
6.827340000000000000e+05
6.829640000000000000e+05
6.830280000000000000e+05
6.832680000000000000e+05
6.834580000000000000e+05
6.836300000000000000e+05
6.836720000000000000e+05
6.838270000000000000e+05
6.838830000000000000e+05
6.839150000000000000e+05
6.840510000000000000e+05
6.840540000000000000e+05
6.841850000000000000e+05
6.843870000000000000e+05
6.846390000000000000e+05
6.848100000000000000e+05
6.849960000000000000e+05
6.850640000000000000e+05
6.851280000000000000e+05
6.851640000000000000e+05
6.853890000000000000e+05
6.854240000000000000e+05
6.856960000000000000e+05
6.857460000000000000e+05
6.857700000000000000e+05
6.857760000000000000e+05
6.859410000000000000e+05
6.868540000000000000e+05
6.869190000000000000e+05
6.872590000000000000e+05
6.877310000000000000e+05
6.877930000000000000e+05
6.883490000000000000e+05
6.884540000000000000e+05
6.886830000000000000e+05
6.888240000000000000e+05
6.888500000000000000e+05
6.891020000000000000e+05
6.891400000000000000e+05
6.892280000000000000e+05
6.893610000000000000e+05
6.894120000000000000e+05
6.895730000000000000e+05
6.896440000000000000e+05
6.896860000000000000e+05
6.897090000000000000e+05
6.897670000000000000e+05
6.898510000000000000e+05
6.911030000000000000e+05
6.911350000000000000e+05
6.913170000000000000e+05
6.914360000000000000e+05
6.915280000000000000e+05
6.916170000000000000e+05
6.917270000000000000e+05
6.919950000000000000e+05
6.923080000000000000e+05
6.930760000000000000e+05
9.416310000000000000e+05
9.416490000000000000e+05
9.417740000000000000e+05
9.420620000000000000e+05
9.423460000000000000e+05
9.424790000000000000e+05
9.425380000000000000e+05
9.430570000000000000e+05
9.433440000000000000e+05
9.434250000000000000e+05
9.435520000000000000e+05
9.436490000000000000e+05
9.439120000000000000e+05
9.439460000000000000e+05
9.440200000000000000e+05
9.440780000000000000e+05
9.443460000000000000e+05
9.443870000000000000e+05
9.446250000000000000e+05
9.446600000000000000e+05
9.448670000000000000e+05
9.456640000000000000e+05
9.457220000000000000e+05
9.457270000000000000e+05
9.458510000000000000e+05
9.459820000000000000e+05
9.462930000000000000e+05
9.464860000000000000e+05
9.468280000000000000e+05
9.469340000000000000e+05
9.471880000000000000e+05
9.471970000000000000e+05
9.475580000000000000e+05
9.479090000000000000e+05
9.481060000000000000e+05
9.482470000000000000e+05
9.482700000000000000e+05
9.487330000000000000e+05
9.487790000000000000e+05
9.489000000000000000e+05
9.491460000000000000e+05
9.494230000000000000e+05
9.494550000000000000e+05
9.496140000000000000e+05
9.496320000000000000e+05
9.496890000000000000e+05
9.497160000000000000e+05
9.498780000000000000e+05
9.501440000000000000e+05
9.503120000000000000e+05
9.503700000000000000e+05
9.505890000000000000e+05
9.508790000000000000e+05
9.510330000000000000e+05
9.511870000000000000e+05
9.514800000000000000e+05
9.514820000000000000e+05
9.515150000000000000e+05
9.515490000000000000e+05
9.521980000000000000e+05
9.522600000000000000e+05
9.522860000000000000e+05
9.523490000000000000e+05
9.528290000000000000e+05
9.530400000000000000e+05
9.530930000000000000e+05
9.531500000000000000e+05
9.534480000000000000e+05
9.535710000000000000e+05
9.541350000000000000e+05
9.543400000000000000e+05
9.545010000000000000e+05
9.548910000000000000e+05
9.551220000000000000e+05
9.551230000000000000e+05
9.551490000000000000e+05
9.552070000000000000e+05
9.552130000000000000e+05
9.553320000000000000e+05
9.554500000000000000e+05
9.555600000000000000e+05
9.558190000000000000e+05
9.558760000000000000e+05
9.560830000000000000e+05
9.560930000000000000e+05
9.563490000000000000e+05
9.564100000000000000e+05
9.565290000000000000e+05
9.565850000000000000e+05
9.565890000000000000e+05
9.566380000000000000e+05
9.566870000000000000e+05
9.568230000000000000e+05
9.569340000000000000e+05
9.570260000000000000e+05
9.573590000000000000e+05
9.575520000000000000e+05
9.575900000000000000e+05
9.577360000000000000e+05
9.579520000000000000e+05
9.580100000000000000e+05
9.580530000000000000e+05
9.580700000000000000e+05
9.583100000000000000e+05
9.583450000000000000e+05
9.583820000000000000e+05
9.584030000000000000e+05
9.585350000000000000e+05
9.588020000000000000e+05
9.588150000000000000e+05
9.590130000000000000e+05
9.590540000000000000e+05
9.590740000000000000e+05
9.591430000000000000e+05
9.592370000000000000e+05
9.594120000000000000e+05
9.594780000000000000e+05
9.595020000000000000e+05
9.595330000000000000e+05
9.596050000000000000e+05
9.597330000000000000e+05
9.597580000000000000e+05
9.598470000000000000e+05
9.599090000000000000e+05
9.601920000000000000e+05
9.604320000000000000e+05
9.604830000000000000e+05
9.605140000000000000e+05
9.606200000000000000e+05
9.607530000000000000e+05
9.607710000000000000e+05
9.607960000000000000e+05
9.608640000000000000e+05
9.611880000000000000e+05
9.612880000000000000e+05
9.613570000000000000e+05
9.616500000000000000e+05
9.616720000000000000e+05
9.616810000000000000e+05
9.617850000000000000e+05
9.622300000000000000e+05
9.622640000000000000e+05
9.622650000000000000e+05
9.623690000000000000e+05
9.626110000000000000e+05
9.627020000000000000e+05
9.627520000000000000e+05
9.630070000000000000e+05
9.630380000000000000e+05
9.631290000000000000e+05
9.633990000000000000e+05
9.634080000000000000e+05
9.634270000000000000e+05
9.636420000000000000e+05
9.638910000000000000e+05
9.640180000000000000e+05
9.641870000000000000e+05
9.644740000000000000e+05
9.644920000000000000e+05
9.645590000000000000e+05
9.648630000000000000e+05
1.107320000000000000e+06
1.107579000000000000e+06
1.107592000000000000e+06
1.107640000000000000e+06
1.107649000000000000e+06
1.107801000000000000e+06
1.107848000000000000e+06
1.107928000000000000e+06
1.108116000000000000e+06
1.108139000000000000e+06
1.108404000000000000e+06
1.108433000000000000e+06
1.108620000000000000e+06
1.108622000000000000e+06
1.108750000000000000e+06
1.108800000000000000e+06
1.108874000000000000e+06
1.108946000000000000e+06
1.108947000000000000e+06
1.108989000000000000e+06
1.109072000000000000e+06
1.109116000000000000e+06
1.109481000000000000e+06
1.109651000000000000e+06
1.109703000000000000e+06
1.109896000000000000e+06
1.109991000000000000e+06
1.110022000000000000e+06
1.110435000000000000e+06
1.110602000000000000e+06
1.111064000000000000e+06
1.111103000000000000e+06
1.111216000000000000e+06
1.111249000000000000e+06
1.111519000000000000e+06
1.112075000000000000e+06
1.112164000000000000e+06
1.112221000000000000e+06
1.112231000000000000e+06
1.112369000000000000e+06
1.112437000000000000e+06
1.112648000000000000e+06
1.112677000000000000e+06
1.112751000000000000e+06
1.112900000000000000e+06
1.113175000000000000e+06
1.113230000000000000e+06
1.113305000000000000e+06
1.113396000000000000e+06
1.113483000000000000e+06
1.113600000000000000e+06
1.113621000000000000e+06
1.113693000000000000e+06
1.113705000000000000e+06
1.113860000000000000e+06
1.113863000000000000e+06
1.113949000000000000e+06
1.114067000000000000e+06
1.114261000000000000e+06
1.114435000000000000e+06
1.114690000000000000e+06
1.114717000000000000e+06
1.114789000000000000e+06
1.115154000000000000e+06
1.115258000000000000e+06
1.115557000000000000e+06
1.116126000000000000e+06
1.116288000000000000e+06
1.116455000000000000e+06
1.116492000000000000e+06
1.117354000000000000e+06
1.117356000000000000e+06
1.117733000000000000e+06
1.118090000000000000e+06
1.118199000000000000e+06
1.118291000000000000e+06
1.118347000000000000e+06
1.118470000000000000e+06
1.118546000000000000e+06
1.118803000000000000e+06
1.118914000000000000e+06
1.119024000000000000e+06
1.119034000000000000e+06
1.119096000000000000e+06
1.119346000000000000e+06
1.120281000000000000e+06
1.120450000000000000e+06
1.120977000000000000e+06
1.121023000000000000e+06
1.121040000000000000e+06
1.121079000000000000e+06
1.121116000000000000e+06
1.121319000000000000e+06
1.121407000000000000e+06
1.121628000000000000e+06
1.121664000000000000e+06
1.121738000000000000e+06
1.121814000000000000e+06
1.121846000000000000e+06
1.122156000000000000e+06
1.122289000000000000e+06
1.122316000000000000e+06
1.122956000000000000e+06
1.122969000000000000e+06
1.123157000000000000e+06
1.123240000000000000e+06
1.123339000000000000e+06
1.123532000000000000e+06
1.123599000000000000e+06
1.123644000000000000e+06
1.123823000000000000e+06
1.123839000000000000e+06
1.123943000000000000e+06
1.123962000000000000e+06
1.124159000000000000e+06
1.124243000000000000e+06
1.124611000000000000e+06
1.124744000000000000e+06
1.125000000000000000e+06
1.125118000000000000e+06
1.125141000000000000e+06
1.125221000000000000e+06
1.125578000000000000e+06
1.125694000000000000e+06
1.125786000000000000e+06
1.125832000000000000e+06
1.125840000000000000e+06
1.125860000000000000e+06
1.125872000000000000e+06
1.126157000000000000e+06
1.126161000000000000e+06
1.126165000000000000e+06
1.126323000000000000e+06
1.126387000000000000e+06
1.126461000000000000e+06
1.126492000000000000e+06
1.126786000000000000e+06
1.126910000000000000e+06
1.127076000000000000e+06
1.127208000000000000e+06
1.127216000000000000e+06
1.127361000000000000e+06
1.127827000000000000e+06
1.127898000000000000e+06
1.127951000000000000e+06
1.128070000000000000e+06
1.128520000000000000e+06
1.128655000000000000e+06
1.128720000000000000e+06
1.128841000000000000e+06
1.129071000000000000e+06
1.129185000000000000e+06
1.129384000000000000e+06
1.129453000000000000e+06
1.129523000000000000e+06
1.129618000000000000e+06
1.129730000000000000e+06
1.129785000000000000e+06
1.130065000000000000e+06
1.130105000000000000e+06
1.130188000000000000e+06
1.130528000000000000e+06
1.130698000000000000e+06
1.131169000000000000e+06
1.131228000000000000e+06
1.131241000000000000e+06
1.131419000000000000e+06
1.131640000000000000e+06
1.131692000000000000e+06
1.131802000000000000e+06
1.131872000000000000e+06
1.131993000000000000e+06
1.132127000000000000e+06
1.132143000000000000e+06
1.132196000000000000e+06
1.132211000000000000e+06
1.132304000000000000e+06
1.132362000000000000e+06
1.132383000000000000e+06
1.132415000000000000e+06
1.132566000000000000e+06
1.132938000000000000e+06
1.133221000000000000e+06
1.133348000000000000e+06
1.133780000000000000e+06
1.133898000000000000e+06
1.134278000000000000e+06
1.134858000000000000e+06
1.134927000000000000e+06
1.135069000000000000e+06
1.135165000000000000e+06
1.135274000000000000e+06
1.362523000000000000e+06
1.362529000000000000e+06
1.362680000000000000e+06
1.362908000000000000e+06
1.363237000000000000e+06
1.363427000000000000e+06
1.363455000000000000e+06
1.363740000000000000e+06
1.363941000000000000e+06
1.363964000000000000e+06
1.364046000000000000e+06
1.364099000000000000e+06
1.364215000000000000e+06
1.364308000000000000e+06
1.364573000000000000e+06
1.364637000000000000e+06
1.365224000000000000e+06
1.365280000000000000e+06
1.365442000000000000e+06
1.365984000000000000e+06
1.366026000000000000e+06
1.366054000000000000e+06
1.366142000000000000e+06
1.366185000000000000e+06
1.366319000000000000e+06
1.366394000000000000e+06
1.366543000000000000e+06
1.366855000000000000e+06
1.366876000000000000e+06
1.367260000000000000e+06
1.367413000000000000e+06
1.367550000000000000e+06
1.367757000000000000e+06
1.367812000000000000e+06
1.367863000000000000e+06
1.367992000000000000e+06
1.368227000000000000e+06
1.368298000000000000e+06
1.368364000000000000e+06
1.368769000000000000e+06
1.368866000000000000e+06
1.368911000000000000e+06
1.369112000000000000e+06
1.369164000000000000e+06
1.369549000000000000e+06
1.369868000000000000e+06
1.369881000000000000e+06
1.370043000000000000e+06
1.370089000000000000e+06
1.370134000000000000e+06
1.370300000000000000e+06
1.370309000000000000e+06
1.370312000000000000e+06
1.370364000000000000e+06
1.370411000000000000e+06
1.370720000000000000e+06
1.370905000000000000e+06
1.370913000000000000e+06
1.370928000000000000e+06
1.371005000000000000e+06
1.371022000000000000e+06
1.371050000000000000e+06
1.371108000000000000e+06
1.371541000000000000e+06
1.371620000000000000e+06
1.371682000000000000e+06
1.371788000000000000e+06
1.371878000000000000e+06
1.371977000000000000e+06
1.372073000000000000e+06
1.372107000000000000e+06
1.372198000000000000e+06
1.372281000000000000e+06
1.372552000000000000e+06
1.372563000000000000e+06
1.372614000000000000e+06
1.372857000000000000e+06
1.372947000000000000e+06
1.373223000000000000e+06
1.373286000000000000e+06
1.373416000000000000e+06
1.373459000000000000e+06
1.373692000000000000e+06
1.373765000000000000e+06
1.374326000000000000e+06
1.374335000000000000e+06
1.374533000000000000e+06
1.374753000000000000e+06
1.374882000000000000e+06
1.374892000000000000e+06
1.374897000000000000e+06
1.374913000000000000e+06
1.375038000000000000e+06
1.375040000000000000e+06
1.375221000000000000e+06
1.375240000000000000e+06
1.375281000000000000e+06
1.375452000000000000e+06
1.375470000000000000e+06
1.375665000000000000e+06
1.375680000000000000e+06
1.375977000000000000e+06
1.376006000000000000e+06
1.376028000000000000e+06
1.376105000000000000e+06
1.376283000000000000e+06
1.376337000000000000e+06
1.376364000000000000e+06
1.376485000000000000e+06
1.376550000000000000e+06
1.376632000000000000e+06
1.377362000000000000e+06
1.377501000000000000e+06
1.377629000000000000e+06
1.377694000000000000e+06
1.377713000000000000e+06
1.377922000000000000e+06
1.378037000000000000e+06
1.378140000000000000e+06
1.378225000000000000e+06
1.378860000000000000e+06
1.379005000000000000e+06
1.379105000000000000e+06
1.379382000000000000e+06
1.379419000000000000e+06
1.379608000000000000e+06
1.379730000000000000e+06
1.379743000000000000e+06
1.379814000000000000e+06
1.379985000000000000e+06
1.380021000000000000e+06
1.380096000000000000e+06
1.380177000000000000e+06
1.380305000000000000e+06
1.380754000000000000e+06
1.380777000000000000e+06
1.381790000000000000e+06
1.381937000000000000e+06
1.382246000000000000e+06
1.382351000000000000e+06
1.382421000000000000e+06
1.382721000000000000e+06
1.382871000000000000e+06
1.382887000000000000e+06
1.383057000000000000e+06
1.383090000000000000e+06
1.383126000000000000e+06
1.383168000000000000e+06
1.383247000000000000e+06
1.383673000000000000e+06
1.383864000000000000e+06
1.383970000000000000e+06
1.384109000000000000e+06
1.384257000000000000e+06
1.384574000000000000e+06
1.384641000000000000e+06
1.384756000000000000e+06
1.384895000000000000e+06
1.385041000000000000e+06
1.385225000000000000e+06
1.385278000000000000e+06
1.385445000000000000e+06
1.385542000000000000e+06
1.385558000000000000e+06
1.385571000000000000e+06
1.385666000000000000e+06
1.385773000000000000e+06
1.385779000000000000e+06
1.385789000000000000e+06
1.385817000000000000e+06
1.385848000000000000e+06
1.385896000000000000e+06
1.386034000000000000e+06
1.386109000000000000e+06
1.386321000000000000e+06
1.386516000000000000e+06
1.386522000000000000e+06
1.386754000000000000e+06
1.386965000000000000e+06
1.387294000000000000e+06
1.387385000000000000e+06
1.387393000000000000e+06
1.387738000000000000e+06
1.388231000000000000e+06
1.388242000000000000e+06
1.388326000000000000e+06
1.388329000000000000e+06
1.388427000000000000e+06
1.388654000000000000e+06
1.388699000000000000e+06
1.388749000000000000e+06
1.388756000000000000e+06
1.388906000000000000e+06
1.389002000000000000e+06
1.389217000000000000e+06
1.389440000000000000e+06
1.389924000000000000e+06
1.389976000000000000e+06
1.389988000000000000e+06
1.390022000000000000e+06
1.390099000000000000e+06
1.390112000000000000e+06
1.390453000000000000e+06
1.390523000000000000e+06
1.390530000000000000e+06
1.390542000000000000e+06
1.390697000000000000e+06
1.390822000000000000e+06
1.390946000000000000e+06
1.391183000000000000e+06
1.391611000000000000e+06
1.391733000000000000e+06
1.392335000000000000e+06
1.392446000000000000e+06
1.392588000000000000e+06
1.392708000000000000e+06
1.392789000000000000e+06
1.392857000000000000e+06
1.392886000000000000e+06
1.392937000000000000e+06
1.393091000000000000e+06
1.393199000000000000e+06
1.393326000000000000e+06
1.393598000000000000e+06
1.393782000000000000e+06
1.393875000000000000e+06
1.393894000000000000e+06
1.393951000000000000e+06
1.394014000000000000e+06
1.394240000000000000e+06
1.394328000000000000e+06
1.394339000000000000e+06
1.394625000000000000e+06
1.394682000000000000e+06
1.395006000000000000e+06
1.395212000000000000e+06
1.395297000000000000e+06
1.395307000000000000e+06
1.395523000000000000e+06
1.395726000000000000e+06
1.395976000000000000e+06
1.396144000000000000e+06
1.396363000000000000e+06
1.396519000000000000e+06
1.396841000000000000e+06
1.396883000000000000e+06
1.397025000000000000e+06
1.397134000000000000e+06
1.397324000000000000e+06
1.397422000000000000e+06
1.397629000000000000e+06
1.397692000000000000e+06
1.397704000000000000e+06
1.397744000000000000e+06
1.398032000000000000e+06
1.398065000000000000e+06
1.398233000000000000e+06
1.398240000000000000e+06
1.398245000000000000e+06
1.398345000000000000e+06
1.398393000000000000e+06
1.398401000000000000e+06
1.398464000000000000e+06
1.398540000000000000e+06
1.398752000000000000e+06
1.398852000000000000e+06
1.398996000000000000e+06
1.399073000000000000e+06
1.399087000000000000e+06
1.399257000000000000e+06
1.399278000000000000e+06
1.399345000000000000e+06
1.399586000000000000e+06
1.399598000000000000e+06
1.399685000000000000e+06
1.399768000000000000e+06
1.399850000000000000e+06
1.399854000000000000e+06
1.400057000000000000e+06
1.400063000000000000e+06
1.400144000000000000e+06
1.400182000000000000e+06
1.400337000000000000e+06
1.400943000000000000e+06
1.401267000000000000e+06
1.401373000000000000e+06
1.401579000000000000e+06
1.401635000000000000e+06
1.401776000000000000e+06
1.401845000000000000e+06
1.401887000000000000e+06
1.401903000000000000e+06
1.402020000000000000e+06
1.402025000000000000e+06
1.402352000000000000e+06
1.402379000000000000e+06
1.402589000000000000e+06
1.402990000000000000e+06
1.403102000000000000e+06
1.403136000000000000e+06
1.403240000000000000e+06
1.403381000000000000e+06
1.403388000000000000e+06
1.403441000000000000e+06
1.403768000000000000e+06
1.403936000000000000e+06
1.404221000000000000e+06
1.404320000000000000e+06
1.404483000000000000e+06
1.404845000000000000e+06
1.405108000000000000e+06
1.405295000000000000e+06
1.405316000000000000e+06
1.405329000000000000e+06
1.405427000000000000e+06
1.405488000000000000e+06
1.405726000000000000e+06
1.405944000000000000e+06
1.406153000000000000e+06
1.406269000000000000e+06
1.406376000000000000e+06
1.406525000000000000e+06
1.406932000000000000e+06
1.407279000000000000e+06
1.407289000000000000e+06
1.407450000000000000e+06
1.407477000000000000e+06
1.407724000000000000e+06
1.407814000000000000e+06
1.407846000000000000e+06
1.408602000000000000e+06
1.721410000000000000e+06
1.721441000000000000e+06
1.721653000000000000e+06
1.721671000000000000e+06
1.721695000000000000e+06
1.721822000000000000e+06
1.721953000000000000e+06
1.721986000000000000e+06
1.722647000000000000e+06
1.722798000000000000e+06
1.722817000000000000e+06
1.722988000000000000e+06
1.723328000000000000e+06
1.723579000000000000e+06
1.723595000000000000e+06
1.723729000000000000e+06
1.723875000000000000e+06
1.724016000000000000e+06
1.724213000000000000e+06
1.724331000000000000e+06
1.724461000000000000e+06
1.724620000000000000e+06
1.724717000000000000e+06
1.993324000000000000e+06
1.993543000000000000e+06
1.993591000000000000e+06
1.993606000000000000e+06
1.993617000000000000e+06
1.993672000000000000e+06
1.993691000000000000e+06
1.993768000000000000e+06
1.993806000000000000e+06
1.993950000000000000e+06
1.994105000000000000e+06
1.994126000000000000e+06
1.994548000000000000e+06
1.994564000000000000e+06
1.994567000000000000e+06
1.994771000000000000e+06
1.994810000000000000e+06
1.994883000000000000e+06
1.994911000000000000e+06
1.994959000000000000e+06
1.995094000000000000e+06
1.995100000000000000e+06
1.995207000000000000e+06
1.995276000000000000e+06
1.995506000000000000e+06
1.995630000000000000e+06
1.995710000000000000e+06
1.995717000000000000e+06
1.995745000000000000e+06
1.995748000000000000e+06
1.995797000000000000e+06
1.995801000000000000e+06
1.995979000000000000e+06
1.995984000000000000e+06
1.996074000000000000e+06
1.996138000000000000e+06
1.996143000000000000e+06
1.996187000000000000e+06
1.996246000000000000e+06
1.996389000000000000e+06
1.996610000000000000e+06
1.996725000000000000e+06
1.996805000000000000e+06
1.996828000000000000e+06
1.996987000000000000e+06
1.997031000000000000e+06
1.997102000000000000e+06
1.997189000000000000e+06
1.997250000000000000e+06
1.997260000000000000e+06
1.997272000000000000e+06
1.997315000000000000e+06
1.997447000000000000e+06
1.997456000000000000e+06
1.997593000000000000e+06
1.997610000000000000e+06
1.997644000000000000e+06
1.997667000000000000e+06
1.997734000000000000e+06
1.998409000000000000e+06
1.998582000000000000e+06
1.998585000000000000e+06
1.998634000000000000e+06
1.998712000000000000e+06
1.998818000000000000e+06
1.999249000000000000e+06
1.999290000000000000e+06
1.999542000000000000e+06
1.999937000000000000e+06
2.179372000000000000e+06
2.179417000000000000e+06
2.179537000000000000e+06
2.179705000000000000e+06
2.179902000000000000e+06
2.180234000000000000e+06
2.180398000000000000e+06
2.180441000000000000e+06
2.180526000000000000e+06
2.180544000000000000e+06
2.180577000000000000e+06
2.180750000000000000e+06
2.180808000000000000e+06
2.181177000000000000e+06
2.181234000000000000e+06
2.181356000000000000e+06
2.181394000000000000e+06
2.181441000000000000e+06
2.181587000000000000e+06
2.181798000000000000e+06
2.181913000000000000e+06
2.182008000000000000e+06
2.182705000000000000e+06
2.182718000000000000e+06
2.183160000000000000e+06
2.183225000000000000e+06
2.183312000000000000e+06
2.183449000000000000e+06
2.183629000000000000e+06
2.183675000000000000e+06
2.183686000000000000e+06
2.183946000000000000e+06
2.184245000000000000e+06
2.184275000000000000e+06
2.184287000000000000e+06
2.184335000000000000e+06
2.184547000000000000e+06
2.184679000000000000e+06
2.184729000000000000e+06
2.185012000000000000e+06
2.185039000000000000e+06
2.185115000000000000e+06
2.185125000000000000e+06
2.185525000000000000e+06
2.185537000000000000e+06
2.185754000000000000e+06
2.185764000000000000e+06
2.185872000000000000e+06
2.186063000000000000e+06
2.186103000000000000e+06
2.186123000000000000e+06
2.186349000000000000e+06
2.186516000000000000e+06
2.186565000000000000e+06
2.186643000000000000e+06
2.187040000000000000e+06
2.187158000000000000e+06
2.187175000000000000e+06
2.187223000000000000e+06
2.187260000000000000e+06
2.187544000000000000e+06
2.187548000000000000e+06
2.187704000000000000e+06
2.187807000000000000e+06
2.187907000000000000e+06
2.187911000000000000e+06
2.188030000000000000e+06
2.188352000000000000e+06
2.188485000000000000e+06
2.188551000000000000e+06
2.188582000000000000e+06
2.188609000000000000e+06
2.188919000000000000e+06
2.189022000000000000e+06
2.189025000000000000e+06
2.189337000000000000e+06
2.189400000000000000e+06
2.189643000000000000e+06
2.190098000000000000e+06
2.190583000000000000e+06
2.190640000000000000e+06
2.190808000000000000e+06
2.190859000000000000e+06
2.190870000000000000e+06
2.190975000000000000e+06
2.190992000000000000e+06
2.191079000000000000e+06
2.191174000000000000e+06
2.191380000000000000e+06
2.191497000000000000e+06
2.191615000000000000e+06
2.192087000000000000e+06
2.192279000000000000e+06
2.192384000000000000e+06
2.192396000000000000e+06
2.192486000000000000e+06
2.192591000000000000e+06
2.193150000000000000e+06
2.193226000000000000e+06
2.193265000000000000e+06
2.193391000000000000e+06
2.193595000000000000e+06
2.193624000000000000e+06
2.193639000000000000e+06
2.193782000000000000e+06
2.193971000000000000e+06
2.194265000000000000e+06
2.194314000000000000e+06
2.194539000000000000e+06
2.194554000000000000e+06
2.194932000000000000e+06
2.194970000000000000e+06
2.195030000000000000e+06
2.195112000000000000e+06
2.195261000000000000e+06
2.195264000000000000e+06
2.195273000000000000e+06
2.195474000000000000e+06
2.195505000000000000e+06
2.195608000000000000e+06
2.195660000000000000e+06
2.196048000000000000e+06
2.196105000000000000e+06
2.196124000000000000e+06
2.196191000000000000e+06
2.196617000000000000e+06
2.196682000000000000e+06
2.196713000000000000e+06
2.197032000000000000e+06
2.197065000000000000e+06
2.197107000000000000e+06
2.197114000000000000e+06
2.197161000000000000e+06
2.197382000000000000e+06
2.197427000000000000e+06
2.197585000000000000e+06
2.197629000000000000e+06
2.198257000000000000e+06
2.198555000000000000e+06
2.198684000000000000e+06
2.198703000000000000e+06
2.198717000000000000e+06
2.198839000000000000e+06
2.198858000000000000e+06
2.199045000000000000e+06
2.199140000000000000e+06
2.199392000000000000e+06
2.199586000000000000e+06
2.199685000000000000e+06
2.199952000000000000e+06
2.200027000000000000e+06
2.200598000000000000e+06
2.200663000000000000e+06
2.200761000000000000e+06
2.200843000000000000e+06
2.201156000000000000e+06
2.201228000000000000e+06
2.201520000000000000e+06
2.201684000000000000e+06
2.201706000000000000e+06
2.201734000000000000e+06
2.201905000000000000e+06
2.202111000000000000e+06
2.202266000000000000e+06
2.202267000000000000e+06
2.202318000000000000e+06
2.202327000000000000e+06
2.202427000000000000e+06
2.202463000000000000e+06
2.202532000000000000e+06
2.202557000000000000e+06
2.202946000000000000e+06
2.202995000000000000e+06
2.203036000000000000e+06
2.203262000000000000e+06
2.203263000000000000e+06
2.203329000000000000e+06
2.203694000000000000e+06
2.203702000000000000e+06
2.203721000000000000e+06
2.203736000000000000e+06
2.203766000000000000e+06
2.203846000000000000e+06
2.203857000000000000e+06
2.203901000000000000e+06
2.203928000000000000e+06
2.203987000000000000e+06
2.204240000000000000e+06
2.204397000000000000e+06
2.204463000000000000e+06
2.204520000000000000e+06
2.204556000000000000e+06
2.204619000000000000e+06
2.204870000000000000e+06
2.205027000000000000e+06
2.205109000000000000e+06
2.205117000000000000e+06
2.205509000000000000e+06
2.205587000000000000e+06
2.205596000000000000e+06
2.205641000000000000e+06
2.205763000000000000e+06
2.205788000000000000e+06
2.205940000000000000e+06
2.206090000000000000e+06
2.206091000000000000e+06
2.206313000000000000e+06
2.206352000000000000e+06
2.206366000000000000e+06
2.206431000000000000e+06
2.206498000000000000e+06
2.206719000000000000e+06
2.206847000000000000e+06
2.206932000000000000e+06
2.207248000000000000e+06
2.207322000000000000e+06
2.207758000000000000e+06
2.207977000000000000e+06
2.208267000000000000e+06
2.208294000000000000e+06
2.378387000000000000e+06
2.378500000000000000e+06
2.378587000000000000e+06
2.378729000000000000e+06
2.378744000000000000e+06
2.379068000000000000e+06
2.379284000000000000e+06
2.379358000000000000e+06
2.379413000000000000e+06
2.379499000000000000e+06
2.379527000000000000e+06
2.379971000000000000e+06
2.380012000000000000e+06
2.380232000000000000e+06
2.380852000000000000e+06
2.381003000000000000e+06
2.381233000000000000e+06
2.381403000000000000e+06
2.381413000000000000e+06
2.381429000000000000e+06
2.381477000000000000e+06
2.381506000000000000e+06
2.381537000000000000e+06
2.381804000000000000e+06
2.382558000000000000e+06
2.382677000000000000e+06
2.382729000000000000e+06
2.382846000000000000e+06
2.791543000000000000e+06
2.791590000000000000e+06
2.791774000000000000e+06
2.791817000000000000e+06
2.792237000000000000e+06
2.792371000000000000e+06
2.792394000000000000e+06
2.792835000000000000e+06
2.793206000000000000e+06
2.793230000000000000e+06
2.793446000000000000e+06
2.793549000000000000e+06
2.793600000000000000e+06
2.793684000000000000e+06
2.793827000000000000e+06
2.794052000000000000e+06
2.794205000000000000e+06
2.794317000000000000e+06
2.794339000000000000e+06
2.794366000000000000e+06
2.794406000000000000e+06
2.794661000000000000e+06
2.794693000000000000e+06
2.794870000000000000e+06
2.795035000000000000e+06
2.795148000000000000e+06
2.795437000000000000e+06
2.795486000000000000e+06
2.795821000000000000e+06
2.796122000000000000e+06
2.796527000000000000e+06
2.796595000000000000e+06
2.797125000000000000e+06
2.797137000000000000e+06
2.797169000000000000e+06
2.797307000000000000e+06
2.797492000000000000e+06
2.797536000000000000e+06
2.797787000000000000e+06
2.798046000000000000e+06
2.798114000000000000e+06
2.798123000000000000e+06
2.798168000000000000e+06
2.798358000000000000e+06
2.798406000000000000e+06
2.798602000000000000e+06
2.798639000000000000e+06
2.798725000000000000e+06
2.799322000000000000e+06
2.799357000000000000e+06
2.799459000000000000e+06
2.799641000000000000e+06
2.857762000000000000e+06
2.858015000000000000e+06
2.858200000000000000e+06
2.858245000000000000e+06
2.858656000000000000e+06
2.858793000000000000e+06
2.858822000000000000e+06
2.858856000000000000e+06
2.859118000000000000e+06
2.859184000000000000e+06
2.859219000000000000e+06
2.859312000000000000e+06
2.859376000000000000e+06
2.859631000000000000e+06
2.859814000000000000e+06
2.859845000000000000e+06
2.860052000000000000e+06
2.860110000000000000e+06
2.860336000000000000e+06
2.860473000000000000e+06
2.860804000000000000e+06
2.860827000000000000e+06
2.861048000000000000e+06
2.861204000000000000e+06
2.861295000000000000e+06
2.861302000000000000e+06
2.861346000000000000e+06
2.861364000000000000e+06
2.861366000000000000e+06
2.861374000000000000e+06
2.861708000000000000e+06
2.861777000000000000e+06
2.861788000000000000e+06
2.862068000000000000e+06
2.862185000000000000e+06
2.862241000000000000e+06
2.862290000000000000e+06
2.862301000000000000e+06
2.862348000000000000e+06
2.862408000000000000e+06
2.862513000000000000e+06
2.862911000000000000e+06
2.862958000000000000e+06
2.863036000000000000e+06
2.863116000000000000e+06
2.863130000000000000e+06
2.863193000000000000e+06
2.863439000000000000e+06
2.863668000000000000e+06
2.863680000000000000e+06
2.863830000000000000e+06
2.863984000000000000e+06
2.864140000000000000e+06
2.864430000000000000e+06
2.864485000000000000e+06
2.864644000000000000e+06
2.864808000000000000e+06
2.864865000000000000e+06
2.865023000000000000e+06
2.865034000000000000e+06
2.865233000000000000e+06
2.865665000000000000e+06
2.865666000000000000e+06
2.865676000000000000e+06
2.865776000000000000e+06
2.865837000000000000e+06
2.865962000000000000e+06
2.866065000000000000e+06
2.866240000000000000e+06
2.866257000000000000e+06
2.866286000000000000e+06
2.866356000000000000e+06
2.866422000000000000e+06
2.866440000000000000e+06
2.866566000000000000e+06
2.867200000000000000e+06
2.867274000000000000e+06
2.867365000000000000e+06
2.867608000000000000e+06
2.867611000000000000e+06
2.867838000000000000e+06
2.867923000000000000e+06
2.868022000000000000e+06
2.868203000000000000e+06
2.868471000000000000e+06
2.868533000000000000e+06
2.868575000000000000e+06
2.868709000000000000e+06
2.868725000000000000e+06
2.868791000000000000e+06
2.869013000000000000e+06
2.869148000000000000e+06
2.869354000000000000e+06
2.869574000000000000e+06
2.869670000000000000e+06
2.869717000000000000e+06
2.870273000000000000e+06
2.870283000000000000e+06
2.870341000000000000e+06
2.870577000000000000e+06
2.870657000000000000e+06
2.870817000000000000e+06
2.870860000000000000e+06
2.870915000000000000e+06
2.870922000000000000e+06
2.871122000000000000e+06
2.871173000000000000e+06
2.871367000000000000e+06
2.871391000000000000e+06
2.871547000000000000e+06
2.871871000000000000e+06
2.872017000000000000e+06
2.872225000000000000e+06
2.872431000000000000e+06
2.872451000000000000e+06
2.872645000000000000e+06
2.872695000000000000e+06
2.872782000000000000e+06
2.873155000000000000e+06
2.873336000000000000e+06
2.873357000000000000e+06
2.873423000000000000e+06
2.873445000000000000e+06
2.873485000000000000e+06
2.873606000000000000e+06
2.873667000000000000e+06
2.873683000000000000e+06
2.874037000000000000e+06
2.874115000000000000e+06
2.874116000000000000e+06
2.874488000000000000e+06
2.874636000000000000e+06
2.874926000000000000e+06
2.875003000000000000e+06
2.875043000000000000e+06
2.875066000000000000e+06
2.875288000000000000e+06
2.875403000000000000e+06
2.875409000000000000e+06
2.875543000000000000e+06
2.876320000000000000e+06
2.876382000000000000e+06
2.876523000000000000e+06
2.876740000000000000e+06
2.877023000000000000e+06
2.877033000000000000e+06
2.877222000000000000e+06
2.877245000000000000e+06
2.877276000000000000e+06
2.877400000000000000e+06
2.877611000000000000e+06
2.877662000000000000e+06
2.877734000000000000e+06
2.877830000000000000e+06
2.877895000000000000e+06
2.878152000000000000e+06
2.878201000000000000e+06
2.878451000000000000e+06
2.878525000000000000e+06
2.878539000000000000e+06
2.878688000000000000e+06
2.878837000000000000e+06
2.878943000000000000e+06
2.879096000000000000e+06
2.879097000000000000e+06
2.879107000000000000e+06
2.879151000000000000e+06
2.879324000000000000e+06
2.879525000000000000e+06
2.879872000000000000e+06
2.879942000000000000e+06
2.880215000000000000e+06
2.880279000000000000e+06
2.880627000000000000e+06
2.880808000000000000e+06
2.880985000000000000e+06
2.881179000000000000e+06
2.881590000000000000e+06
2.881608000000000000e+06
2.881750000000000000e+06
2.881798000000000000e+06
2.881812000000000000e+06
2.882154000000000000e+06
2.882362000000000000e+06
2.882447000000000000e+06
2.882482000000000000e+06
2.882619000000000000e+06
2.882728000000000000e+06
2.883010000000000000e+06
2.883192000000000000e+06
2.883273000000000000e+06
2.883389000000000000e+06
2.883568000000000000e+06
2.883941000000000000e+06
2.884055000000000000e+06
2.884114000000000000e+06
2.884145000000000000e+06
2.884180000000000000e+06
2.884651000000000000e+06
2.884675000000000000e+06
2.884778000000000000e+06
2.884827000000000000e+06
2.884864000000000000e+06
2.884928000000000000e+06
2.884986000000000000e+06
2.885155000000000000e+06
2.885280000000000000e+06
2.885467000000000000e+06
2.979024000000000000e+06
2.979082000000000000e+06
2.979116000000000000e+06
2.979141000000000000e+06
2.979335000000000000e+06
2.979373000000000000e+06
2.979456000000000000e+06
2.979492000000000000e+06
2.979567000000000000e+06
2.979586000000000000e+06
2.979985000000000000e+06
2.979988000000000000e+06
2.980042000000000000e+06
2.980047000000000000e+06
2.980267000000000000e+06
2.980596000000000000e+06
2.980635000000000000e+06
2.980678000000000000e+06
2.980760000000000000e+06
2.980835000000000000e+06
2.980944000000000000e+06
2.981133000000000000e+06
2.981197000000000000e+06
2.981303000000000000e+06
2.981473000000000000e+06
2.981797000000000000e+06
2.981988000000000000e+06
2.982051000000000000e+06
2.982542000000000000e+06
2.982588000000000000e+06
2.982913000000000000e+06
2.982984000000000000e+06
2.983140000000000000e+06
2.983242000000000000e+06
2.983262000000000000e+06
2.983314000000000000e+06
2.983465000000000000e+06
2.983551000000000000e+06
2.983571000000000000e+06
2.983624000000000000e+06
2.983640000000000000e+06
2.983808000000000000e+06
2.984276000000000000e+06
2.984331000000000000e+06
2.984465000000000000e+06
2.984472000000000000e+06
2.984504000000000000e+06
2.984538000000000000e+06
2.984603000000000000e+06
2.984941000000000000e+06
2.985096000000000000e+06
2.985134000000000000e+06
2.985224000000000000e+06
2.985299000000000000e+06
2.985496000000000000e+06
2.985772000000000000e+06
2.985774000000000000e+06
2.986000000000000000e+06
2.986060000000000000e+06
2.986293000000000000e+06
2.986403000000000000e+06
2.986487000000000000e+06
2.986520000000000000e+06
2.986601000000000000e+06
2.986754000000000000e+06
2.986764000000000000e+06
2.986854000000000000e+06
2.986898000000000000e+06
2.987021000000000000e+06
2.987398000000000000e+06
2.987401000000000000e+06
2.988042000000000000e+06
2.988066000000000000e+06
2.988121000000000000e+06
2.988392000000000000e+06
2.988446000000000000e+06
2.988585000000000000e+06
2.988599000000000000e+06
2.988645000000000000e+06
2.988809000000000000e+06
2.988986000000000000e+06
2.989087000000000000e+06
2.989133000000000000e+06
2.989401000000000000e+06
2.989805000000000000e+06
2.989842000000000000e+06
2.989916000000000000e+06
2.989952000000000000e+06
2.990020000000000000e+06
2.990080000000000000e+06
2.990303000000000000e+06
2.990331000000000000e+06
2.990406000000000000e+06
2.990572000000000000e+06
2.990592000000000000e+06
2.990614000000000000e+06
2.991051000000000000e+06
2.991100000000000000e+06
2.991155000000000000e+06
2.991156000000000000e+06
2.991170000000000000e+06
2.991338000000000000e+06
2.991449000000000000e+06
2.991529000000000000e+06
2.991545000000000000e+06
2.991613000000000000e+06
2.991853000000000000e+06
2.991883000000000000e+06
2.991904000000000000e+06
2.991921000000000000e+06
2.992050000000000000e+06
2.992145000000000000e+06
2.992162000000000000e+06
2.992403000000000000e+06
2.992404000000000000e+06
2.992405000000000000e+06
2.992411000000000000e+06
2.992547000000000000e+06
2.992607000000000000e+06
2.992669000000000000e+06
2.992745000000000000e+06
2.993004000000000000e+06
2.993110000000000000e+06
2.993166000000000000e+06
2.993232000000000000e+06
2.993264000000000000e+06
2.993406000000000000e+06
2.993517000000000000e+06
2.993697000000000000e+06
2.993708000000000000e+06
2.993802000000000000e+06
2.993819000000000000e+06
2.994013000000000000e+06
2.994055000000000000e+06
2.994357000000000000e+06
2.994415000000000000e+06
2.994426000000000000e+06
2.994526000000000000e+06
2.994577000000000000e+06
2.994606000000000000e+06
2.994982000000000000e+06
2.995021000000000000e+06
2.995051000000000000e+06
2.995077000000000000e+06
2.995445000000000000e+06
2.995693000000000000e+06
2.995946000000000000e+06
2.996005000000000000e+06
2.996134000000000000e+06
2.996151000000000000e+06
2.996515000000000000e+06
2.996726000000000000e+06
2.997294000000000000e+06
2.997480000000000000e+06
2.997546000000000000e+06
2.997573000000000000e+06
2.997770000000000000e+06
2.998136000000000000e+06
2.998329000000000000e+06
2.998369000000000000e+06
2.998454000000000000e+06
2.998569000000000000e+06
2.998751000000000000e+06
2.998755000000000000e+06
2.999209000000000000e+06
2.999414000000000000e+06
2.999489000000000000e+06
2.999652000000000000e+06
2.999895000000000000e+06
2.999954000000000000e+06
3.000365000000000000e+06
3.000380000000000000e+06
3.000435000000000000e+06
3.000625000000000000e+06
3.000644000000000000e+06
3.001002000000000000e+06
3.001020000000000000e+06
3.001063000000000000e+06
3.001113000000000000e+06
3.001181000000000000e+06
3.001258000000000000e+06
3.001603000000000000e+06
3.001690000000000000e+06
3.001953000000000000e+06
3.002089000000000000e+06
3.002322000000000000e+06
3.002345000000000000e+06
3.002696000000000000e+06
3.002933000000000000e+06
3.003031000000000000e+06
3.003740000000000000e+06
3.003838000000000000e+06
3.004005000000000000e+06
3.004787000000000000e+06
3.004820000000000000e+06
3.004945000000000000e+06
3.005084000000000000e+06
3.005147000000000000e+06
3.005264000000000000e+06
3.005332000000000000e+06
3.005477000000000000e+06
3.005578000000000000e+06
3.005605000000000000e+06
3.005805000000000000e+06
3.005843000000000000e+06
3.005969000000000000e+06
3.005993000000000000e+06
3.007362000000000000e+06
3.007639000000000000e+06
3.007935000000000000e+06
3.008082000000000000e+06
3.008378000000000000e+06
3.008503000000000000e+06
3.008586000000000000e+06
3.008626000000000000e+06
3.008791000000000000e+06
3.009176000000000000e+06
3.009790000000000000e+06
3.010321000000000000e+06
3.010555000000000000e+06
3.010649000000000000e+06
3.010696000000000000e+06
3.010970000000000000e+06
3.011243000000000000e+06
3.011247000000000000e+06
3.011430000000000000e+06
3.012340000000000000e+06
3.012463000000000000e+06
3.012484000000000000e+06
3.012572000000000000e+06
3.012706000000000000e+06
3.012991000000000000e+06
3.013068000000000000e+06
3.013246000000000000e+06
3.013424000000000000e+06
3.013613000000000000e+06
3.013770000000000000e+06
3.013831000000000000e+06
3.014239000000000000e+06
3.014356000000000000e+06
3.014426000000000000e+06
3.014613000000000000e+06
3.014733000000000000e+06
3.014810000000000000e+06
3.015362000000000000e+06
3.015561000000000000e+06
3.015803000000000000e+06
3.016029000000000000e+06
3.017143000000000000e+06
3.017522000000000000e+06
3.017719000000000000e+06
3.017945000000000000e+06
3.018059000000000000e+06
3.018155000000000000e+06
3.018431000000000000e+06
3.018664000000000000e+06
3.018672000000000000e+06
3.018746000000000000e+06
3.018771000000000000e+06
3.018911000000000000e+06
3.019113000000000000e+06
3.019181000000000000e+06
3.019213000000000000e+06
3.019352000000000000e+06
3.019831000000000000e+06
3.019899000000000000e+06
3.019973000000000000e+06
3.020138000000000000e+06
3.020139000000000000e+06
3.020684000000000000e+06
3.020711000000000000e+06
3.020753000000000000e+06
3.020828000000000000e+06
3.020869000000000000e+06
3.020872000000000000e+06
3.020971000000000000e+06
3.021140000000000000e+06
3.021627000000000000e+06
3.021742000000000000e+06
3.021820000000000000e+06
3.022317000000000000e+06
3.022330000000000000e+06
3.022453000000000000e+06
3.022965000000000000e+06
3.023125000000000000e+06
3.023240000000000000e+06
3.023263000000000000e+06
3.023537000000000000e+06
3.023597000000000000e+06
3.023790000000000000e+06
3.023907000000000000e+06
3.024002000000000000e+06
3.024227000000000000e+06
3.024592000000000000e+06
3.024970000000000000e+06
3.024995000000000000e+06
3.025094000000000000e+06
3.025187000000000000e+06
3.025406000000000000e+06
3.025534000000000000e+06
3.025817000000000000e+06
3.025823000000000000e+06
3.026147000000000000e+06
3.026464000000000000e+06
3.026488000000000000e+06
3.026766000000000000e+06
3.026789000000000000e+06
3.026805000000000000e+06
3.026809000000000000e+06
3.026906000000000000e+06
3.026962000000000000e+06
3.027563000000000000e+06
3.027568000000000000e+06
3.028003000000000000e+06
3.028068000000000000e+06
3.028090000000000000e+06
3.028269000000000000e+06
3.028329000000000000e+06
3.028534000000000000e+06
3.028554000000000000e+06
3.028605000000000000e+06
3.028792000000000000e+06
3.028904000000000000e+06
3.029116000000000000e+06
3.029164000000000000e+06
3.029215000000000000e+06
3.029305000000000000e+06
3.029532000000000000e+06
3.029646000000000000e+06
3.029658000000000000e+06
3.029813000000000000e+06
3.030069000000000000e+06
3.030168000000000000e+06
3.030276000000000000e+06
3.030503000000000000e+06
3.030548000000000000e+06
3.030641000000000000e+06
3.030701000000000000e+06
3.030739000000000000e+06
3.030857000000000000e+06
3.030932000000000000e+06
3.031714000000000000e+06
3.031901000000000000e+06
3.031932000000000000e+06
3.032061000000000000e+06
3.032325000000000000e+06
3.032565000000000000e+06
3.032737000000000000e+06
3.032785000000000000e+06
3.032842000000000000e+06
3.032935000000000000e+06
3.033002000000000000e+06
3.033059000000000000e+06
3.033118000000000000e+06
3.033127000000000000e+06
3.033281000000000000e+06
3.033355000000000000e+06
3.033427000000000000e+06
3.033774000000000000e+06
3.033778000000000000e+06
3.033913000000000000e+06
3.033969000000000000e+06
3.034057000000000000e+06
3.034286000000000000e+06
3.034331000000000000e+06
3.034458000000000000e+06
3.034474000000000000e+06
3.034475000000000000e+06
3.034500000000000000e+06
3.034582000000000000e+06
3.034637000000000000e+06
3.034712000000000000e+06
3.034802000000000000e+06
3.034977000000000000e+06
3.035071000000000000e+06
3.035250000000000000e+06
3.035370000000000000e+06
3.035418000000000000e+06
3.035479000000000000e+06
3.035690000000000000e+06
3.035721000000000000e+06
3.035771000000000000e+06
3.035793000000000000e+06
3.035845000000000000e+06
3.035973000000000000e+06
3.036270000000000000e+06
3.036371000000000000e+06
3.036416000000000000e+06
3.036496000000000000e+06
3.036580000000000000e+06
3.036926000000000000e+06
3.036964000000000000e+06
3.037028000000000000e+06
3.037032000000000000e+06
3.037405000000000000e+06
3.037562000000000000e+06
3.038009000000000000e+06
3.038318000000000000e+06
3.038392000000000000e+06
3.038639000000000000e+06
3.038768000000000000e+06
3.038875000000000000e+06
3.039182000000000000e+06
3.039240000000000000e+06
3.039248000000000000e+06
3.039288000000000000e+06
3.040048000000000000e+06
3.040106000000000000e+06
3.040533000000000000e+06
3.041101000000000000e+06
3.041105000000000000e+06
3.041172000000000000e+06
3.041203000000000000e+06
3.041453000000000000e+06
3.041604000000000000e+06
3.042329000000000000e+06
3.042480000000000000e+06
3.042521000000000000e+06
3.042586000000000000e+06
3.042728000000000000e+06
3.042741000000000000e+06
3.042799000000000000e+06
3.042972000000000000e+06
3.043083000000000000e+06
3.043192000000000000e+06
3.043263000000000000e+06
3.043313000000000000e+06
3.043467000000000000e+06
3.043634000000000000e+06
3.043854000000000000e+06
3.043860000000000000e+06
3.043910000000000000e+06
3.044010000000000000e+06
3.044053000000000000e+06
3.044094000000000000e+06
3.044096000000000000e+06
3.044155000000000000e+06
3.044329000000000000e+06
3.044346000000000000e+06
3.044493000000000000e+06
3.045096000000000000e+06
3.045175000000000000e+06
3.045180000000000000e+06
3.045527000000000000e+06
3.045551000000000000e+06
3.045656000000000000e+06
3.045843000000000000e+06
3.046001000000000000e+06
3.046082000000000000e+06
3.046181000000000000e+06
3.046219000000000000e+06
3.046280000000000000e+06
3.046298000000000000e+06
3.046320000000000000e+06
3.046512000000000000e+06
3.046732000000000000e+06
3.046849000000000000e+06
3.047156000000000000e+06
3.047162000000000000e+06
3.047472000000000000e+06
3.047586000000000000e+06
3.047733000000000000e+06
3.048340000000000000e+06
3.048870000000000000e+06
3.049023000000000000e+06
3.049034000000000000e+06
3.049086000000000000e+06
3.049122000000000000e+06
3.049211000000000000e+06
3.049581000000000000e+06
3.049596000000000000e+06
3.049638000000000000e+06
3.049806000000000000e+06
3.049807000000000000e+06
3.050020000000000000e+06
3.050255000000000000e+06
3.050528000000000000e+06
3.050647000000000000e+06
3.051015000000000000e+06
3.051099000000000000e+06
3.051241000000000000e+06
3.051366000000000000e+06
3.051407000000000000e+06
3.051813000000000000e+06
3.051895000000000000e+06
3.052119000000000000e+06
3.052406000000000000e+06
3.052408000000000000e+06
3.052712000000000000e+06
3.053056000000000000e+06
3.053102000000000000e+06
3.053169000000000000e+06
3.053210000000000000e+06
3.053250000000000000e+06
3.053372000000000000e+06
3.053578000000000000e+06
3.053691000000000000e+06
3.053794000000000000e+06
3.053900000000000000e+06
3.053933000000000000e+06
3.054111000000000000e+06
3.054188000000000000e+06
3.054276000000000000e+06
3.054319000000000000e+06
3.054425000000000000e+06
3.054461000000000000e+06
3.054547000000000000e+06
3.054569000000000000e+06
3.054629000000000000e+06
3.054920000000000000e+06
3.054943000000000000e+06
3.055012000000000000e+06
3.055534000000000000e+06
3.055870000000000000e+06
3.055882000000000000e+06
3.055910000000000000e+06
3.055962000000000000e+06
3.055966000000000000e+06
3.056202000000000000e+06
3.056655000000000000e+06
3.056837000000000000e+06
3.056864000000000000e+06
3.056933000000000000e+06
3.057002000000000000e+06
3.057043000000000000e+06
3.057128000000000000e+06
3.057578000000000000e+06
3.057975000000000000e+06
3.058079000000000000e+06
3.058322000000000000e+06
3.058382000000000000e+06
3.058468000000000000e+06
3.058486000000000000e+06
3.058558000000000000e+06
3.058753000000000000e+06
3.058763000000000000e+06
3.058814000000000000e+06
3.059022000000000000e+06
3.059164000000000000e+06
3.059388000000000000e+06
3.059424000000000000e+06
3.059510000000000000e+06
3.059545000000000000e+06
3.059556000000000000e+06
3.059576000000000000e+06
3.059709000000000000e+06
3.059918000000000000e+06
3.060053000000000000e+06
3.060251000000000000e+06
3.060270000000000000e+06
3.060560000000000000e+06
3.060583000000000000e+06
3.060805000000000000e+06
3.060816000000000000e+06
3.060912000000000000e+06
3.061147000000000000e+06
3.061243000000000000e+06
3.061436000000000000e+06
3.061527000000000000e+06
3.061928000000000000e+06
3.061938000000000000e+06
3.062079000000000000e+06
3.062523000000000000e+06
3.416889000000000000e+06
3.416937000000000000e+06
3.417019000000000000e+06
3.417147000000000000e+06
3.417301000000000000e+06
3.417342000000000000e+06
3.417575000000000000e+06
3.417644000000000000e+06
3.418241000000000000e+06
3.418556000000000000e+06
3.419109000000000000e+06
3.419285000000000000e+06
3.419418000000000000e+06
3.419537000000000000e+06
3.419693000000000000e+06
3.419711000000000000e+06
3.419759000000000000e+06
3.419771000000000000e+06
3.419857000000000000e+06
3.419979000000000000e+06
3.420294000000000000e+06
3.420387000000000000e+06
3.420438000000000000e+06
3.420721000000000000e+06
3.420795000000000000e+06
3.421134000000000000e+06
3.421326000000000000e+06
3.421386000000000000e+06
3.421569000000000000e+06
3.421979000000000000e+06
3.422260000000000000e+06
3.422269000000000000e+06
3.422372000000000000e+06
3.422776000000000000e+06
3.422839000000000000e+06
3.422933000000000000e+06
3.422984000000000000e+06
3.471634000000000000e+06
3.471826000000000000e+06
3.472168000000000000e+06
3.472351000000000000e+06
3.472620000000000000e+06
3.472654000000000000e+06
3.472959000000000000e+06
3.473018000000000000e+06
3.473381000000000000e+06
3.473578000000000000e+06
3.473642000000000000e+06
3.473712000000000000e+06
3.473939000000000000e+06
3.473955000000000000e+06
3.474120000000000000e+06
3.474368000000000000e+06
3.474400000000000000e+06
3.474483000000000000e+06
3.474556000000000000e+06
3.475026000000000000e+06
3.475093000000000000e+06
3.475236000000000000e+06
3.475280000000000000e+06
3.475391000000000000e+06
3.475428000000000000e+06
3.475547000000000000e+06
3.475646000000000000e+06
3.475704000000000000e+06
3.475712000000000000e+06
3.475924000000000000e+06
3.476033000000000000e+06
3.476190000000000000e+06
3.476191000000000000e+06
3.476327000000000000e+06
3.476899000000000000e+06
3.476944000000000000e+06
3.476949000000000000e+06
3.477075000000000000e+06
3.477101000000000000e+06
3.477158000000000000e+06
3.477175000000000000e+06
3.477260000000000000e+06
3.477280000000000000e+06
3.477504000000000000e+06
3.477530000000000000e+06
3.477571000000000000e+06
3.477662000000000000e+06
3.477831000000000000e+06
3.478190000000000000e+06
3.478342000000000000e+06
3.478406000000000000e+06
3.478569000000000000e+06
3.478664000000000000e+06
3.478691000000000000e+06
3.478822000000000000e+06
3.478838000000000000e+06
3.479026000000000000e+06
3.479031000000000000e+06
3.479105000000000000e+06
3.479247000000000000e+06
3.479269000000000000e+06
3.479378000000000000e+06
3.479424000000000000e+06
3.479461000000000000e+06
3.479621000000000000e+06
3.479663000000000000e+06
3.479691000000000000e+06
3.479745000000000000e+06
3.479793000000000000e+06
3.479867000000000000e+06
3.480004000000000000e+06
3.480282000000000000e+06
3.480298000000000000e+06
3.480366000000000000e+06
3.480444000000000000e+06
3.480596000000000000e+06
3.480638000000000000e+06
3.480711000000000000e+06
3.480757000000000000e+06
3.481073000000000000e+06
3.481142000000000000e+06
3.481492000000000000e+06
3.481505000000000000e+06
3.481506000000000000e+06
3.481542000000000000e+06
3.481629000000000000e+06
3.481823000000000000e+06
3.482125000000000000e+06
3.482201000000000000e+06
3.482415000000000000e+06
3.482440000000000000e+06
3.482451000000000000e+06
3.482710000000000000e+06
3.483008000000000000e+06
3.483098000000000000e+06
3.483203000000000000e+06
3.483241000000000000e+06
3.483358000000000000e+06
3.483556000000000000e+06
3.483636000000000000e+06
3.483690000000000000e+06
3.483991000000000000e+06
3.484071000000000000e+06
3.484083000000000000e+06
3.484144000000000000e+06
3.484418000000000000e+06
3.484629000000000000e+06
3.484670000000000000e+06
3.485129000000000000e+06
3.485266000000000000e+06
3.485490000000000000e+06
3.485663000000000000e+06
3.485757000000000000e+06
3.486042000000000000e+06
3.486099000000000000e+06
3.486144000000000000e+06
3.486788000000000000e+06
3.486840000000000000e+06
3.486933000000000000e+06
3.486942000000000000e+06
3.487063000000000000e+06
3.487142000000000000e+06
3.487162000000000000e+06
3.487290000000000000e+06
3.487297000000000000e+06
3.487306000000000000e+06
3.487313000000000000e+06
3.487329000000000000e+06
3.487459000000000000e+06
3.487468000000000000e+06
3.487581000000000000e+06
3.487704000000000000e+06
3.487754000000000000e+06
3.487790000000000000e+06
3.487977000000000000e+06
3.488076000000000000e+06
3.488311000000000000e+06
3.488574000000000000e+06
3.488720000000000000e+06
3.488763000000000000e+06
3.488789000000000000e+06
3.488887000000000000e+06
3.488973000000000000e+06
3.489073000000000000e+06
3.489271000000000000e+06
3.489326000000000000e+06
3.489485000000000000e+06
3.489559000000000000e+06
3.489702000000000000e+06
3.489788000000000000e+06
3.489897000000000000e+06
3.489912000000000000e+06
3.489975000000000000e+06
3.489979000000000000e+06
3.489991000000000000e+06
3.490053000000000000e+06
3.490342000000000000e+06
3.490492000000000000e+06
3.490714000000000000e+06
3.490855000000000000e+06
3.490964000000000000e+06
3.490986000000000000e+06
3.491037000000000000e+06
3.491503000000000000e+06
3.492233000000000000e+06
3.492529000000000000e+06
3.492607000000000000e+06
3.492797000000000000e+06
3.493057000000000000e+06
3.493315000000000000e+06
3.493468000000000000e+06
3.493837000000000000e+06
3.494051000000000000e+06
3.494266000000000000e+06
3.494328000000000000e+06
3.494557000000000000e+06
3.494884000000000000e+06
3.495099000000000000e+06
3.495111000000000000e+06
3.495181000000000000e+06
3.495319000000000000e+06
3.495647000000000000e+06
3.495652000000000000e+06
3.495914000000000000e+06
3.495917000000000000e+06
3.496008000000000000e+06
3.496309000000000000e+06
3.496389000000000000e+06
3.496705000000000000e+06
3.496775000000000000e+06
3.496952000000000000e+06
3.496987000000000000e+06
3.497045000000000000e+06
3.497063000000000000e+06
3.497126000000000000e+06
3.497175000000000000e+06
3.497348000000000000e+06
3.497416000000000000e+06
3.497472000000000000e+06
3.497557000000000000e+06
3.497733000000000000e+06
3.497924000000000000e+06
3.497966000000000000e+06
3.498100000000000000e+06
3.498313000000000000e+06
3.499047000000000000e+06
3.499126000000000000e+06
3.499208000000000000e+06
3.499230000000000000e+06
3.499379000000000000e+06
3.499549000000000000e+06
3.499697000000000000e+06
3.499735000000000000e+06
3.499737000000000000e+06
3.499758000000000000e+06
3.499993000000000000e+06
3.500114000000000000e+06
3.500149000000000000e+06
3.500164000000000000e+06
3.500236000000000000e+06
3.500392000000000000e+06
3.500794000000000000e+06
3.500828000000000000e+06
3.500872000000000000e+06
3.501062000000000000e+06
3.501170000000000000e+06
3.501522000000000000e+06
3.501542000000000000e+06
3.501568000000000000e+06
3.501884000000000000e+06
3.501888000000000000e+06
3.501920000000000000e+06
3.501962000000000000e+06
3.502016000000000000e+06
3.502028000000000000e+06
3.502691000000000000e+06
3.502747000000000000e+06
3.502827000000000000e+06
3.503054000000000000e+06
3.503072000000000000e+06
3.503207000000000000e+06
3.503323000000000000e+06
3.503394000000000000e+06
3.503638000000000000e+06
3.503813000000000000e+06
3.503852000000000000e+06
3.503891000000000000e+06
3.504015000000000000e+06
3.504138000000000000e+06
3.504294000000000000e+06
3.504297000000000000e+06
3.504461000000000000e+06
3.504636000000000000e+06
3.504696000000000000e+06
3.504752000000000000e+06
3.505280000000000000e+06
3.505281000000000000e+06
3.505436000000000000e+06
3.505762000000000000e+06
3.505838000000000000e+06
3.505839000000000000e+06
3.506098000000000000e+06
3.506190000000000000e+06
3.506474000000000000e+06
3.506748000000000000e+06
3.506756000000000000e+06
3.506834000000000000e+06
3.506909000000000000e+06
3.507137000000000000e+06
3.507656000000000000e+06
3.508033000000000000e+06
3.508122000000000000e+06
3.508229000000000000e+06
3.508295000000000000e+06
3.508452000000000000e+06
3.508522000000000000e+06
3.508622000000000000e+06
3.508730000000000000e+06
3.508958000000000000e+06
3.509176000000000000e+06
3.509241000000000000e+06
3.509258000000000000e+06
3.509553000000000000e+06
3.509716000000000000e+06
3.509731000000000000e+06
3.509769000000000000e+06
3.509892000000000000e+06
3.509948000000000000e+06
3.509964000000000000e+06
3.510138000000000000e+06
3.510179000000000000e+06
3.510243000000000000e+06
3.510366000000000000e+06
3.510473000000000000e+06
3.510748000000000000e+06
3.510960000000000000e+06
3.510982000000000000e+06
3.511380000000000000e+06
3.511439000000000000e+06
3.511565000000000000e+06
3.511571000000000000e+06
3.511685000000000000e+06
3.511833000000000000e+06
3.511864000000000000e+06
3.512255000000000000e+06
3.512310000000000000e+06
3.512314000000000000e+06
3.512475000000000000e+06
3.512482000000000000e+06
3.512622000000000000e+06
3.512797000000000000e+06
3.512847000000000000e+06
3.512928000000000000e+06
3.513062000000000000e+06
3.513117000000000000e+06
3.513152000000000000e+06
3.513545000000000000e+06
3.513581000000000000e+06
3.513812000000000000e+06
3.514077000000000000e+06
3.514199000000000000e+06
3.514208000000000000e+06
3.514531000000000000e+06
3.561686000000000000e+06
3.561912000000000000e+06
3.562072000000000000e+06
3.562231000000000000e+06
3.562289000000000000e+06
3.562320000000000000e+06
3.562551000000000000e+06
3.562680000000000000e+06
3.562866000000000000e+06
3.563059000000000000e+06
3.563103000000000000e+06
3.563366000000000000e+06
3.563572000000000000e+06
3.563742000000000000e+06
3.563827000000000000e+06
3.563890000000000000e+06
3.563903000000000000e+06
3.563975000000000000e+06
3.564031000000000000e+06
3.564036000000000000e+06
3.564134000000000000e+06
3.564293000000000000e+06
3.564553000000000000e+06
3.565055000000000000e+06
3.565248000000000000e+06
3.565599000000000000e+06
3.565674000000000000e+06
3.565820000000000000e+06
3.566163000000000000e+06
3.566275000000000000e+06
3.566331000000000000e+06
3.566342000000000000e+06
3.566488000000000000e+06
3.566760000000000000e+06
3.567038000000000000e+06
3.567310000000000000e+06
3.567391000000000000e+06
3.567407000000000000e+06
3.567458000000000000e+06
3.567581000000000000e+06
3.567613000000000000e+06
3.567697000000000000e+06
3.567709000000000000e+06
3.567790000000000000e+06
3.567944000000000000e+06
3.568183000000000000e+06
3.568277000000000000e+06
3.568346000000000000e+06
3.568807000000000000e+06
3.569143000000000000e+06
3.569193000000000000e+06
3.569486000000000000e+06
3.569545000000000000e+06
3.569810000000000000e+06
3.569820000000000000e+06
3.569916000000000000e+06
3.569958000000000000e+06
3.570008000000000000e+06
3.570013000000000000e+06
3.570065000000000000e+06
3.570171000000000000e+06
3.570571000000000000e+06
3.570595000000000000e+06
3.570609000000000000e+06
3.570612000000000000e+06
3.570697000000000000e+06
3.570818000000000000e+06
3.571153000000000000e+06
3.571187000000000000e+06
3.571269000000000000e+06
3.571486000000000000e+06
3.571780000000000000e+06
3.571858000000000000e+06
3.572236000000000000e+06
3.572314000000000000e+06
3.572476000000000000e+06
3.572501000000000000e+06
3.572584000000000000e+06
3.572603000000000000e+06
3.572654000000000000e+06
3.573045000000000000e+06
3.573154000000000000e+06
3.573429000000000000e+06
3.573706000000000000e+06
3.574041000000000000e+06
3.574151000000000000e+06
3.574179000000000000e+06
3.574234000000000000e+06
3.574471000000000000e+06
3.574502000000000000e+06
3.574868000000000000e+06
3.574904000000000000e+06
3.575061000000000000e+06
3.575179000000000000e+06
3.575317000000000000e+06
3.575512000000000000e+06
3.575580000000000000e+06
3.575741000000000000e+06
3.575864000000000000e+06
3.576003000000000000e+06
3.576027000000000000e+06
3.576040000000000000e+06
3.576163000000000000e+06
3.576227000000000000e+06
3.576425000000000000e+06
3.576551000000000000e+06
3.576564000000000000e+06
3.576606000000000000e+06
3.576647000000000000e+06
3.576988000000000000e+06
3.577047000000000000e+06
3.577074000000000000e+06
3.577077000000000000e+06
3.577457000000000000e+06
3.577632000000000000e+06
3.577777000000000000e+06
3.577868000000000000e+06
3.577888000000000000e+06
3.578307000000000000e+06
3.578668000000000000e+06
3.578947000000000000e+06
3.579009000000000000e+06
3.579260000000000000e+06
3.579418000000000000e+06
3.579491000000000000e+06
3.579624000000000000e+06
3.579680000000000000e+06
3.579731000000000000e+06
3.579879000000000000e+06
3.580497000000000000e+06
3.580694000000000000e+06
3.580714000000000000e+06
3.580950000000000000e+06
3.581067000000000000e+06
3.581415000000000000e+06
3.581515000000000000e+06
3.581587000000000000e+06
3.581602000000000000e+06
3.581670000000000000e+06
3.581687000000000000e+06
3.581900000000000000e+06
3.581986000000000000e+06
3.582211000000000000e+06
3.582619000000000000e+06
3.582641000000000000e+06
3.583129000000000000e+06
3.583489000000000000e+06
3.583535000000000000e+06
3.583934000000000000e+06
3.583959000000000000e+06
3.584217000000000000e+06
3.584244000000000000e+06
3.584263000000000000e+06
3.584348000000000000e+06
3.584481000000000000e+06
3.584678000000000000e+06
3.584730000000000000e+06
3.584842000000000000e+06
3.584892000000000000e+06
3.584909000000000000e+06
3.584985000000000000e+06
3.585267000000000000e+06
3.585346000000000000e+06
3.585722000000000000e+06
3.586038000000000000e+06
3.586118000000000000e+06
3.586123000000000000e+06
3.586367000000000000e+06
3.586474000000000000e+06
3.586490000000000000e+06
3.586749000000000000e+06
3.586915000000000000e+06
3.586925000000000000e+06
3.586978000000000000e+06
3.587016000000000000e+06
3.587470000000000000e+06
3.587511000000000000e+06
3.587611000000000000e+06
3.587718000000000000e+06
3.588063000000000000e+06
3.588111000000000000e+06
3.588182000000000000e+06
3.588201000000000000e+06
3.588416000000000000e+06
3.588607000000000000e+06
3.588611000000000000e+06
3.588708000000000000e+06
3.588921000000000000e+06
3.589157000000000000e+06
3.589639000000000000e+06
3.590225000000000000e+06
3.590346000000000000e+06
3.590412000000000000e+06
3.590698000000000000e+06
3.591067000000000000e+06
3.591163000000000000e+06
3.591191000000000000e+06
3.591329000000000000e+06
3.591440000000000000e+06
3.591445000000000000e+06
3.591527000000000000e+06
3.591617000000000000e+06
3.591621000000000000e+06
3.591644000000000000e+06
3.591661000000000000e+06
3.591737000000000000e+06
3.592147000000000000e+06
3.592252000000000000e+06
3.592370000000000000e+06
3.592431000000000000e+06
3.592495000000000000e+06
3.592596000000000000e+06
3.592979000000000000e+06
3.593185000000000000e+06
3.593323000000000000e+06
3.593451000000000000e+06
3.593958000000000000e+06
3.594155000000000000e+06
3.594312000000000000e+06
3.594395000000000000e+06
3.594477000000000000e+06
3.594864000000000000e+06
3.594909000000000000e+06
3.595085000000000000e+06
3.595507000000000000e+06
3.595584000000000000e+06
3.595881000000000000e+06
3.595934000000000000e+06
3.596072000000000000e+06
3.596421000000000000e+06
3.596468000000000000e+06
3.596508000000000000e+06
3.596604000000000000e+06
3.596797000000000000e+06
3.596853000000000000e+06
3.596976000000000000e+06
3.597650000000000000e+06
3.597652000000000000e+06
3.597710000000000000e+06
3.597825000000000000e+06
3.598118000000000000e+06
3.598281000000000000e+06
3.598312000000000000e+06
3.598347000000000000e+06
3.598382000000000000e+06
3.598600000000000000e+06
3.598659000000000000e+06
3.598746000000000000e+06
3.598854000000000000e+06
3.598947000000000000e+06
3.598970000000000000e+06
3.599056000000000000e+06
3.599278000000000000e+06
3.599493000000000000e+06
3.599632000000000000e+06
3.599675000000000000e+06
3.599720000000000000e+06
3.599761000000000000e+06
3.599915000000000000e+06
3.599926000000000000e+06
3.599946000000000000e+06
3.600010000000000000e+06
3.600052000000000000e+06
3.600055000000000000e+06
3.600056000000000000e+06
3.600196000000000000e+06
3.600207000000000000e+06
3.600247000000000000e+06
3.600306000000000000e+06
3.600665000000000000e+06
3.600730000000000000e+06
3.600918000000000000e+06
3.600938000000000000e+06
3.600997000000000000e+06
3.601021000000000000e+06
3.601206000000000000e+06
3.601360000000000000e+06
3.601464000000000000e+06
3.601515000000000000e+06
3.601532000000000000e+06
3.601727000000000000e+06
3.601782000000000000e+06
3.602201000000000000e+06
3.602542000000000000e+06
3.602714000000000000e+06
3.602784000000000000e+06
3.602887000000000000e+06
3.602929000000000000e+06
3.603025000000000000e+06
3.603034000000000000e+06
3.603247000000000000e+06
3.603297000000000000e+06
3.603315000000000000e+06
3.603635000000000000e+06
3.603664000000000000e+06
3.603684000000000000e+06
3.603696000000000000e+06
3.603847000000000000e+06
3.603867000000000000e+06
3.604062000000000000e+06
3.604069000000000000e+06
3.604169000000000000e+06
3.604298000000000000e+06
3.604487000000000000e+06
3.604599000000000000e+06
3.604821000000000000e+06
3.604847000000000000e+06
3.605140000000000000e+06
3.605160000000000000e+06
3.605306000000000000e+06
3.605408000000000000e+06
3.605441000000000000e+06
3.605455000000000000e+06
3.605654000000000000e+06
3.605906000000000000e+06
3.606152000000000000e+06
3.606385000000000000e+06
3.606396000000000000e+06
3.606452000000000000e+06
3.606539000000000000e+06
3.606693000000000000e+06
3.606698000000000000e+06
3.606852000000000000e+06
3.607188000000000000e+06
3.607418000000000000e+06
3.607475000000000000e+06
3.607586000000000000e+06
3.607602000000000000e+06
3.607739000000000000e+06
3.607860000000000000e+06
3.608226000000000000e+06
3.608243000000000000e+06
3.608486000000000000e+06
3.608551000000000000e+06
4.210991000000000000e+06
4.211061000000000000e+06
4.211460000000000000e+06
4.211478000000000000e+06
4.211516000000000000e+06
4.211538000000000000e+06
4.211560000000000000e+06
4.211631000000000000e+06
4.211866000000000000e+06
4.211868000000000000e+06
4.211962000000000000e+06
4.212069000000000000e+06
4.212505000000000000e+06
4.212594000000000000e+06
4.212683000000000000e+06
4.212783000000000000e+06
4.212855000000000000e+06
4.212939000000000000e+06
4.213065000000000000e+06
4.213157000000000000e+06
4.213438000000000000e+06
4.213460000000000000e+06
4.213479000000000000e+06
4.213779000000000000e+06
4.213818000000000000e+06
4.213917000000000000e+06
4.214031000000000000e+06
4.214274000000000000e+06
4.214393000000000000e+06
4.214429000000000000e+06
4.214504000000000000e+06
4.214612000000000000e+06
4.214694000000000000e+06
4.214718000000000000e+06
4.214871000000000000e+06
4.214877000000000000e+06
4.215046000000000000e+06
4.215372000000000000e+06
4.215379000000000000e+06
4.215408000000000000e+06
4.215563000000000000e+06
4.215643000000000000e+06
4.215725000000000000e+06
4.216128000000000000e+06
4.216172000000000000e+06
4.216601000000000000e+06
4.216790000000000000e+06
4.216820000000000000e+06
4.217059000000000000e+06
4.217243000000000000e+06
4.217245000000000000e+06
4.217493000000000000e+06
4.217991000000000000e+06
4.218178000000000000e+06
4.218183000000000000e+06
4.218390000000000000e+06
4.218524000000000000e+06
4.218533000000000000e+06
4.218569000000000000e+06
4.218849000000000000e+06
4.218934000000000000e+06
4.218964000000000000e+06
4.219177000000000000e+06
4.219296000000000000e+06
4.219385000000000000e+06
4.219394000000000000e+06
4.219504000000000000e+06
4.219577000000000000e+06
4.219883000000000000e+06
4.220153000000000000e+06
4.220275000000000000e+06
4.220324000000000000e+06
4.220477000000000000e+06
4.220608000000000000e+06
4.220652000000000000e+06
4.220700000000000000e+06
4.220860000000000000e+06
4.220934000000000000e+06
4.221044000000000000e+06
4.221358000000000000e+06
4.221741000000000000e+06
4.221870000000000000e+06
4.221920000000000000e+06
4.222142000000000000e+06
4.222150000000000000e+06
4.222190000000000000e+06
4.222311000000000000e+06
4.222808000000000000e+06
4.222893000000000000e+06
4.223137000000000000e+06
4.223302000000000000e+06
4.223492000000000000e+06
4.223564000000000000e+06
4.223696000000000000e+06
4.223754000000000000e+06
4.224142000000000000e+06
4.224471000000000000e+06
4.224681000000000000e+06
4.224710000000000000e+06
4.224987000000000000e+06
4.225092000000000000e+06
4.225276000000000000e+06
4.225319000000000000e+06
4.225344000000000000e+06
4.225532000000000000e+06
4.225651000000000000e+06
4.225793000000000000e+06
4.225938000000000000e+06
4.225946000000000000e+06
4.225952000000000000e+06
4.226109000000000000e+06
4.226201000000000000e+06
4.226222000000000000e+06
4.226312000000000000e+06
4.227003000000000000e+06
4.227042000000000000e+06
4.227460000000000000e+06
4.227624000000000000e+06
4.227733000000000000e+06
4.227869000000000000e+06
4.227871000000000000e+06
4.228006000000000000e+06
4.228011000000000000e+06
4.228081000000000000e+06
4.228309000000000000e+06
4.228343000000000000e+06
4.228451000000000000e+06
4.228512000000000000e+06
4.228637000000000000e+06
4.228680000000000000e+06
4.228700000000000000e+06
4.228710000000000000e+06
4.228725000000000000e+06
4.228761000000000000e+06
4.228953000000000000e+06
4.229218000000000000e+06
4.229295000000000000e+06
4.229321000000000000e+06
4.229401000000000000e+06
4.229506000000000000e+06
4.229614000000000000e+06
4.229804000000000000e+06
4.229976000000000000e+06
4.230511000000000000e+06
4.230564000000000000e+06
4.230769000000000000e+06
4.230905000000000000e+06
4.231031000000000000e+06
4.231119000000000000e+06
4.231185000000000000e+06
4.231202000000000000e+06
4.231402000000000000e+06
4.231434000000000000e+06
4.231451000000000000e+06
4.231752000000000000e+06
4.231781000000000000e+06
4.231821000000000000e+06
4.232301000000000000e+06
4.232549000000000000e+06
4.232634000000000000e+06
4.232646000000000000e+06
4.232880000000000000e+06
4.233098000000000000e+06
4.233404000000000000e+06
4.233474000000000000e+06
4.233520000000000000e+06
4.233691000000000000e+06
4.234066000000000000e+06
4.234649000000000000e+06
4.234716000000000000e+06
4.234804000000000000e+06
