2.770000000000000000e+02
2.860000000000000000e+02
2.920000000000000000e+02
2.980000000000000000e+02
3.000000000000000000e+02
3.130000000000000000e+02
3.140000000000000000e+02
3.150000000000000000e+02
3.300000000000000000e+02
3.320000000000000000e+02
3.390000000000000000e+02
3.470000000000000000e+02
3.480000000000000000e+02
3.610000000000000000e+02
3.860000000000000000e+02
3.920000000000000000e+02
3.980000000000000000e+02
4.020000000000000000e+02
4.150000000000000000e+02
4.220000000000000000e+02
4.270000000000000000e+02
4.300000000000000000e+02
4.430000000000000000e+02
4.500000000000000000e+02
4.550000000000000000e+02
4.590000000000000000e+02
4.660000000000000000e+02
4.680000000000000000e+02
4.690000000000000000e+02
4.800000000000000000e+02
5.000000000000000000e+02
5.010000000000000000e+02
5.190000000000000000e+02
5.200000000000000000e+02
5.220000000000000000e+02
5.310000000000000000e+02
5.340000000000000000e+02
5.380000000000000000e+02
5.470000000000000000e+02
5.530000000000000000e+02
5.620000000000000000e+02
5.630000000000000000e+02
5.870000000000000000e+02
6.090000000000000000e+02
6.100000000000000000e+02
6.130000000000000000e+02
6.300000000000000000e+02
6.350000000000000000e+02
6.440000000000000000e+02
6.490000000000000000e+02
6.590000000000000000e+02
6.640000000000000000e+02
6.890000000000000000e+02
6.930000000000000000e+02
7.020000000000000000e+02
7.040000000000000000e+02
7.050000000000000000e+02
7.240000000000000000e+02
7.300000000000000000e+02
7.330000000000000000e+02
7.490000000000000000e+02
7.530000000000000000e+02
7.600000000000000000e+02
7.690000000000000000e+02
7.750000000000000000e+02
7.790000000000000000e+02
7.830000000000000000e+02
7.900000000000000000e+02
7.950000000000000000e+02
8.060000000000000000e+02
8.100000000000000000e+02
8.230000000000000000e+02
8.300000000000000000e+02
8.430000000000000000e+02
8.440000000000000000e+02
8.460000000000000000e+02
8.550000000000000000e+02
8.560000000000000000e+02
8.570000000000000000e+02
8.740000000000000000e+02
8.760000000000000000e+02
8.870000000000000000e+02
8.880000000000000000e+02
8.970000000000000000e+02
9.000000000000000000e+02
9.180000000000000000e+02
9.230000000000000000e+02
9.270000000000000000e+02
9.290000000000000000e+02
9.340000000000000000e+02
9.350000000000000000e+02
9.480000000000000000e+02
9.540000000000000000e+02
9.560000000000000000e+02
9.610000000000000000e+02
9.730000000000000000e+02
9.790000000000000000e+02
9.840000000000000000e+02
9.990000000000000000e+02
1.001000000000000000e+03
1.004000000000000000e+03
1.024000000000000000e+03
1.029000000000000000e+03
1.035000000000000000e+03
1.043000000000000000e+03
1.044000000000000000e+03
1.047000000000000000e+03
1.049000000000000000e+03
1.054000000000000000e+03
1.060000000000000000e+03
1.061000000000000000e+03
1.062000000000000000e+03
1.064000000000000000e+03
1.078000000000000000e+03
1.079000000000000000e+03
1.085000000000000000e+03
1.092000000000000000e+03
1.097000000000000000e+03
1.107000000000000000e+03
1.118000000000000000e+03
1.133000000000000000e+03
1.138000000000000000e+03
1.144000000000000000e+03
1.154000000000000000e+03
1.157000000000000000e+03
1.160000000000000000e+03
1.167000000000000000e+03
1.168000000000000000e+03
1.170000000000000000e+03
1.174000000000000000e+03
1.175000000000000000e+03
1.176000000000000000e+03
1.182000000000000000e+03
1.183000000000000000e+03
1.188000000000000000e+03
1.201000000000000000e+03
1.218000000000000000e+03
1.228000000000000000e+03
1.244000000000000000e+03
1.247000000000000000e+03
1.251000000000000000e+03
1.252000000000000000e+03
1.257000000000000000e+03
1.262000000000000000e+03
1.265000000000000000e+03
1.268000000000000000e+03
1.285000000000000000e+03
1.297000000000000000e+03
1.308000000000000000e+03
1.312000000000000000e+03
1.323000000000000000e+03
1.325000000000000000e+03
1.329000000000000000e+03
1.339000000000000000e+03
1.352000000000000000e+03
1.357000000000000000e+03
1.361000000000000000e+03
1.373000000000000000e+03
1.383000000000000000e+03
1.386000000000000000e+03
1.389000000000000000e+03
1.390000000000000000e+03
1.398000000000000000e+03
1.402000000000000000e+03
1.403000000000000000e+03
1.408000000000000000e+03
1.412000000000000000e+03
1.428000000000000000e+03
1.438000000000000000e+03
1.445000000000000000e+03
1.447000000000000000e+03
1.449000000000000000e+03
1.459000000000000000e+03
1.466000000000000000e+03
1.470000000000000000e+03
1.471000000000000000e+03
1.473000000000000000e+03
1.475000000000000000e+03
1.477000000000000000e+03
1.486000000000000000e+03
1.491000000000000000e+03
1.494000000000000000e+03
1.496000000000000000e+03
1.504000000000000000e+03
1.505000000000000000e+03
1.528000000000000000e+03
1.536000000000000000e+03
1.541000000000000000e+03
1.550000000000000000e+03
1.555000000000000000e+03
1.559000000000000000e+03
1.567000000000000000e+03
1.568000000000000000e+03
1.579000000000000000e+03
1.587000000000000000e+03
1.597000000000000000e+03
1.599000000000000000e+03
1.611000000000000000e+03
1.617000000000000000e+03
1.620000000000000000e+03
1.623000000000000000e+03
1.625000000000000000e+03
1.642000000000000000e+03
1.643000000000000000e+03
1.649000000000000000e+03
1.658000000000000000e+03
1.672000000000000000e+03
1.681000000000000000e+03
1.684000000000000000e+03
1.700000000000000000e+03
1.707000000000000000e+03
1.722000000000000000e+03
1.731000000000000000e+03
1.736000000000000000e+03
1.748000000000000000e+03
1.755000000000000000e+03
1.757000000000000000e+03
1.784000000000000000e+03
1.787000000000000000e+03
1.797000000000000000e+03
1.800000000000000000e+03
1.807000000000000000e+03
1.813000000000000000e+03
1.834000000000000000e+03
1.836000000000000000e+03
1.838000000000000000e+03
1.843000000000000000e+03
1.847000000000000000e+03
1.854000000000000000e+03
1.859000000000000000e+03
1.871000000000000000e+03
1.872000000000000000e+03
1.874000000000000000e+03
1.877000000000000000e+03
1.888000000000000000e+03
1.896000000000000000e+03
1.898000000000000000e+03
1.904000000000000000e+03
1.909000000000000000e+03
1.917000000000000000e+03
1.933000000000000000e+03
1.936000000000000000e+03
1.942000000000000000e+03
1.963000000000000000e+03
1.969000000000000000e+03
1.975000000000000000e+03
2.004000000000000000e+03
2.015000000000000000e+03
2.016000000000000000e+03
2.029000000000000000e+03
2.034000000000000000e+03
2.036000000000000000e+03
2.043000000000000000e+03
2.045000000000000000e+03
2.048000000000000000e+03
2.057000000000000000e+03
2.059000000000000000e+03
2.066000000000000000e+03
2.068000000000000000e+03
2.072000000000000000e+03
2.079000000000000000e+03
2.089000000000000000e+03
2.095000000000000000e+03
2.096000000000000000e+03
2.134000000000000000e+03
2.140000000000000000e+03
2.162000000000000000e+03
2.166000000000000000e+03
2.179000000000000000e+03
2.185000000000000000e+03
2.186000000000000000e+03
2.187000000000000000e+03
2.193000000000000000e+03
2.202000000000000000e+03
2.206000000000000000e+03
2.207000000000000000e+03
2.213000000000000000e+03
2.216000000000000000e+03
2.220000000000000000e+03
2.223000000000000000e+03
2.227000000000000000e+03
2.235000000000000000e+03
2.237000000000000000e+03
2.242000000000000000e+03
2.243000000000000000e+03
2.251000000000000000e+03
2.258000000000000000e+03
2.260000000000000000e+03
2.265000000000000000e+03
2.277000000000000000e+03
2.287000000000000000e+03
2.299000000000000000e+03
2.300000000000000000e+03
2.302000000000000000e+03
2.304000000000000000e+03
2.318000000000000000e+03
2.324000000000000000e+03
2.327000000000000000e+03
2.353000000000000000e+03
2.367000000000000000e+03
2.376000000000000000e+03
2.377000000000000000e+03
2.381000000000000000e+03
2.383000000000000000e+03
2.385000000000000000e+03
2.405000000000000000e+03
2.417000000000000000e+03
2.435000000000000000e+03
2.462000000000000000e+03
2.463000000000000000e+03
2.465000000000000000e+03
2.467000000000000000e+03
2.470000000000000000e+03
2.474000000000000000e+03
2.479000000000000000e+03
2.498000000000000000e+03
2.512000000000000000e+03
2.552000000000000000e+03
2.555000000000000000e+03
2.563000000000000000e+03
2.568000000000000000e+03
2.574000000000000000e+03
2.576000000000000000e+03
2.587000000000000000e+03
2.591000000000000000e+03
2.593000000000000000e+03
2.607000000000000000e+03
2.614000000000000000e+03
2.615000000000000000e+03
2.631000000000000000e+03
2.634000000000000000e+03
2.636000000000000000e+03
2.639000000000000000e+03
2.640000000000000000e+03
2.654000000000000000e+03
2.656000000000000000e+03
2.671000000000000000e+03
2.677000000000000000e+03
2.683000000000000000e+03
2.685000000000000000e+03
2.689000000000000000e+03
2.690000000000000000e+03
2.704000000000000000e+03
2.709000000000000000e+03
2.710000000000000000e+03
2.719000000000000000e+03
2.725000000000000000e+03
2.735000000000000000e+03
2.739000000000000000e+03
2.745000000000000000e+03
2.749000000000000000e+03
2.761000000000000000e+03
2.762000000000000000e+03
2.763000000000000000e+03
2.774000000000000000e+03
2.776000000000000000e+03
2.784000000000000000e+03
2.791000000000000000e+03
2.795000000000000000e+03
2.819000000000000000e+03
2.831000000000000000e+03
2.835000000000000000e+03
2.840000000000000000e+03
2.851000000000000000e+03
2.853000000000000000e+03
2.854000000000000000e+03
2.858000000000000000e+03
2.872000000000000000e+03
2.882000000000000000e+03
2.885000000000000000e+03
2.889000000000000000e+03
2.890000000000000000e+03
2.911000000000000000e+03
2.918000000000000000e+03
2.923000000000000000e+03
2.924000000000000000e+03
2.934000000000000000e+03
2.951000000000000000e+03
2.956000000000000000e+03
2.959000000000000000e+03
2.964000000000000000e+03
2.967000000000000000e+03
2.972000000000000000e+03
2.975000000000000000e+03
2.976000000000000000e+03
2.977000000000000000e+03
2.998000000000000000e+03
3.008000000000000000e+03
3.013000000000000000e+03
3.014000000000000000e+03
3.019000000000000000e+03
3.021000000000000000e+03
3.039000000000000000e+03
3.044000000000000000e+03
3.047000000000000000e+03
3.052000000000000000e+03
3.053000000000000000e+03
3.055000000000000000e+03
3.065000000000000000e+03
3.075000000000000000e+03
3.084000000000000000e+03
3.095000000000000000e+03
3.100000000000000000e+03
3.109000000000000000e+03
3.113000000000000000e+03
3.115000000000000000e+03
3.128000000000000000e+03
3.145000000000000000e+03
3.158000000000000000e+03
3.166000000000000000e+03
3.170000000000000000e+03
3.173000000000000000e+03
3.175000000000000000e+03
3.202000000000000000e+03
3.210000000000000000e+03
3.220000000000000000e+03
3.221000000000000000e+03
3.228000000000000000e+03
3.229000000000000000e+03
3.233000000000000000e+03
3.245000000000000000e+03
3.247000000000000000e+03
3.250000000000000000e+03
3.253000000000000000e+03
3.257000000000000000e+03
3.260000000000000000e+03
3.264000000000000000e+03
3.283000000000000000e+03
3.317000000000000000e+03
3.322000000000000000e+03
3.327000000000000000e+03
3.332000000000000000e+03
3.337000000000000000e+03
3.341000000000000000e+03
3.342000000000000000e+03
3.344000000000000000e+03
3.354000000000000000e+03
3.358000000000000000e+03
3.360000000000000000e+03
3.363000000000000000e+03
3.371000000000000000e+03
3.373000000000000000e+03
3.378000000000000000e+03
3.382000000000000000e+03
3.386000000000000000e+03
3.387000000000000000e+03
3.390000000000000000e+03
3.398000000000000000e+03
3.401000000000000000e+03
3.403000000000000000e+03
3.405000000000000000e+03
3.421000000000000000e+03
3.431000000000000000e+03
3.443000000000000000e+03
3.444000000000000000e+03
3.447000000000000000e+03
3.448000000000000000e+03
3.451000000000000000e+03
3.457000000000000000e+03
3.459000000000000000e+03
3.460000000000000000e+03
3.463000000000000000e+03
3.469000000000000000e+03
3.496000000000000000e+03
3.500000000000000000e+03
3.503000000000000000e+03
3.510000000000000000e+03
3.515000000000000000e+03
3.526000000000000000e+03
3.527000000000000000e+03
3.538000000000000000e+03
3.539000000000000000e+03
3.547000000000000000e+03
3.553000000000000000e+03
3.571000000000000000e+03
3.574000000000000000e+03
3.584000000000000000e+03
3.604000000000000000e+03
3.605000000000000000e+03
3.607000000000000000e+03
3.609000000000000000e+03
3.612000000000000000e+03
3.615000000000000000e+03
3.646000000000000000e+03
3.648000000000000000e+03
3.658000000000000000e+03
3.661000000000000000e+03
3.665000000000000000e+03
3.668000000000000000e+03
3.671000000000000000e+03
3.688000000000000000e+03
3.694000000000000000e+03
3.696000000000000000e+03
3.703000000000000000e+03
3.704000000000000000e+03
3.705000000000000000e+03
3.713000000000000000e+03
3.715000000000000000e+03
3.717000000000000000e+03
3.718000000000000000e+03
3.728000000000000000e+03
3.729000000000000000e+03
3.743000000000000000e+03
3.749000000000000000e+03
3.753000000000000000e+03
3.755000000000000000e+03
3.762000000000000000e+03
3.764000000000000000e+03
3.777000000000000000e+03
3.787000000000000000e+03
3.803000000000000000e+03
3.809000000000000000e+03
3.819000000000000000e+03
3.820000000000000000e+03
3.825000000000000000e+03
3.829000000000000000e+03
3.843000000000000000e+03
3.844000000000000000e+03
3.873000000000000000e+03
3.879000000000000000e+03
3.883000000000000000e+03
3.892000000000000000e+03
3.897000000000000000e+03
3.899000000000000000e+03
3.904000000000000000e+03
3.921000000000000000e+03
3.923000000000000000e+03
3.927000000000000000e+03
3.935000000000000000e+03
3.948000000000000000e+03
3.957000000000000000e+03
3.979000000000000000e+03
3.989000000000000000e+03
3.992000000000000000e+03
3.995000000000000000e+03
4.018000000000000000e+03
4.027000000000000000e+03
4.036000000000000000e+03
4.037000000000000000e+03
4.043000000000000000e+03
4.062000000000000000e+03
4.063000000000000000e+03
4.073000000000000000e+03
4.074000000000000000e+03
4.078000000000000000e+03
4.079000000000000000e+03
4.080000000000000000e+03
4.082000000000000000e+03
4.086000000000000000e+03
4.088000000000000000e+03
4.099000000000000000e+03
4.100000000000000000e+03
4.102000000000000000e+03
4.104000000000000000e+03
4.105000000000000000e+03
4.112000000000000000e+03
4.120000000000000000e+03
4.123000000000000000e+03
4.127000000000000000e+03
4.131000000000000000e+03
4.149000000000000000e+03
4.157000000000000000e+03
4.164000000000000000e+03
4.178000000000000000e+03
4.189000000000000000e+03
4.191000000000000000e+03
4.198000000000000000e+03
4.200000000000000000e+03
4.202000000000000000e+03
4.212000000000000000e+03
4.226000000000000000e+03
4.233000000000000000e+03
4.238000000000000000e+03
4.253000000000000000e+03
4.260000000000000000e+03
4.262000000000000000e+03
4.266000000000000000e+03
4.269000000000000000e+03
4.270000000000000000e+03
4.279000000000000000e+03
4.288000000000000000e+03
4.297000000000000000e+03
4.303000000000000000e+03
4.310000000000000000e+03
4.318000000000000000e+03
4.320000000000000000e+03
4.322000000000000000e+03
4.334000000000000000e+03
4.337000000000000000e+03
4.341000000000000000e+03
4.342000000000000000e+03
4.346000000000000000e+03
4.356000000000000000e+03
4.363000000000000000e+03
4.369000000000000000e+03
4.379000000000000000e+03
4.389000000000000000e+03
4.390000000000000000e+03
4.391000000000000000e+03
4.392000000000000000e+03
4.403000000000000000e+03
4.413000000000000000e+03
4.417000000000000000e+03
4.420000000000000000e+03
4.422000000000000000e+03
4.426000000000000000e+03
4.429000000000000000e+03
4.453000000000000000e+03
4.454000000000000000e+03
4.473000000000000000e+03
4.483000000000000000e+03
4.492000000000000000e+03
4.493000000000000000e+03
4.516000000000000000e+03
4.527000000000000000e+03
4.532000000000000000e+03
4.534000000000000000e+03
4.538000000000000000e+03
4.561000000000000000e+03
4.571000000000000000e+03
4.573000000000000000e+03
4.582000000000000000e+03
4.597000000000000000e+03
4.613000000000000000e+03
4.620000000000000000e+03
4.626000000000000000e+03
4.630000000000000000e+03
4.640000000000000000e+03
4.650000000000000000e+03
4.661000000000000000e+03
4.667000000000000000e+03
4.668000000000000000e+03
4.673000000000000000e+03
4.675000000000000000e+03
4.683000000000000000e+03
4.686000000000000000e+03
4.688000000000000000e+03
4.694000000000000000e+03
4.704000000000000000e+03
4.707000000000000000e+03
4.719000000000000000e+03
4.733000000000000000e+03
4.745000000000000000e+03
4.752000000000000000e+03
4.764000000000000000e+03
4.766000000000000000e+03
4.774000000000000000e+03
4.775000000000000000e+03
4.777000000000000000e+03
4.787000000000000000e+03
4.788000000000000000e+03
4.790000000000000000e+03
4.795000000000000000e+03
4.797000000000000000e+03
4.829000000000000000e+03
4.837000000000000000e+03
4.839000000000000000e+03
4.840000000000000000e+03
4.851000000000000000e+03
4.852000000000000000e+03
4.855000000000000000e+03
4.878000000000000000e+03
4.884000000000000000e+03
4.897000000000000000e+03
4.904000000000000000e+03
4.912000000000000000e+03
4.914000000000000000e+03
4.919000000000000000e+03
4.923000000000000000e+03
4.925000000000000000e+03
4.932000000000000000e+03
4.934000000000000000e+03
4.936000000000000000e+03
4.941000000000000000e+03
4.947000000000000000e+03
4.956000000000000000e+03
4.961000000000000000e+03
4.988000000000000000e+03
5.017000000000000000e+03
5.027000000000000000e+03
5.030000000000000000e+03
5.032000000000000000e+03
5.053000000000000000e+03
5.058000000000000000e+03
5.061000000000000000e+03
5.066000000000000000e+03
5.080000000000000000e+03
5.103000000000000000e+03
5.104000000000000000e+03
5.106000000000000000e+03
5.113000000000000000e+03
5.132000000000000000e+03
5.140000000000000000e+03
5.147000000000000000e+03
5.148000000000000000e+03
5.164000000000000000e+03
5.168000000000000000e+03
5.178000000000000000e+03
5.182000000000000000e+03
5.188000000000000000e+03
5.189000000000000000e+03
5.191000000000000000e+03
5.195000000000000000e+03
5.196000000000000000e+03
5.200000000000000000e+03
5.205000000000000000e+03
5.208000000000000000e+03
5.209000000000000000e+03
5.232000000000000000e+03
5.235000000000000000e+03
5.242000000000000000e+03
5.243000000000000000e+03
5.261000000000000000e+03
5.263000000000000000e+03
5.264000000000000000e+03
5.291000000000000000e+03
5.300000000000000000e+03
5.309000000000000000e+03
5.332000000000000000e+03
5.340000000000000000e+03
5.347000000000000000e+03
5.357000000000000000e+03
5.363000000000000000e+03
5.364000000000000000e+03
5.367000000000000000e+03
5.375000000000000000e+03
5.378000000000000000e+03
5.379000000000000000e+03
5.385000000000000000e+03
5.392000000000000000e+03
5.403000000000000000e+03
5.412000000000000000e+03
5.419000000000000000e+03
5.425000000000000000e+03
5.434000000000000000e+03
5.443000000000000000e+03
5.448000000000000000e+03
5.451000000000000000e+03
5.453000000000000000e+03
5.459000000000000000e+03
5.461000000000000000e+03
5.462000000000000000e+03
5.468000000000000000e+03
5.469000000000000000e+03
5.477000000000000000e+03
5.479000000000000000e+03
5.487000000000000000e+03
5.488000000000000000e+03
5.496000000000000000e+03
5.500000000000000000e+03
5.516000000000000000e+03
5.518000000000000000e+03
5.534000000000000000e+03
5.544000000000000000e+03
5.547000000000000000e+03
5.555000000000000000e+03
5.564000000000000000e+03
5.593000000000000000e+03
5.605000000000000000e+03
5.610000000000000000e+03
5.613000000000000000e+03
5.620000000000000000e+03
5.625000000000000000e+03
5.627000000000000000e+03
5.641000000000000000e+03
5.642000000000000000e+03
5.644000000000000000e+03
5.646000000000000000e+03
5.654000000000000000e+03
5.668000000000000000e+03
5.669000000000000000e+03
5.670000000000000000e+03
5.674000000000000000e+03
5.677000000000000000e+03
5.697000000000000000e+03
5.701000000000000000e+03
5.705000000000000000e+03
5.709000000000000000e+03
5.712000000000000000e+03
5.718000000000000000e+03
5.722000000000000000e+03
5.727000000000000000e+03
5.730000000000000000e+03
5.747000000000000000e+03
5.763000000000000000e+03
5.771000000000000000e+03
5.779000000000000000e+03
5.780000000000000000e+03
5.781000000000000000e+03
5.814000000000000000e+03
5.815000000000000000e+03
5.817000000000000000e+03
5.823000000000000000e+03
5.826000000000000000e+03
5.827000000000000000e+03
5.834000000000000000e+03
5.835000000000000000e+03
5.836000000000000000e+03
5.844000000000000000e+03
5.849000000000000000e+03
5.853000000000000000e+03
5.886000000000000000e+03
5.899000000000000000e+03
5.903000000000000000e+03
5.904000000000000000e+03
5.920000000000000000e+03
5.925000000000000000e+03
5.930000000000000000e+03
5.932000000000000000e+03
5.936000000000000000e+03
5.937000000000000000e+03
5.953000000000000000e+03
5.957000000000000000e+03
5.970000000000000000e+03
5.971000000000000000e+03
5.976000000000000000e+03
5.980000000000000000e+03
5.988000000000000000e+03
5.992000000000000000e+03
5.996000000000000000e+03
6.044000000000000000e+03
6.049000000000000000e+03
6.068000000000000000e+03
6.069000000000000000e+03
6.081000000000000000e+03
6.089000000000000000e+03
6.090000000000000000e+03
6.093000000000000000e+03
6.100000000000000000e+03
6.108000000000000000e+03
6.112000000000000000e+03
6.118000000000000000e+03
6.130000000000000000e+03
6.142000000000000000e+03
6.145000000000000000e+03
6.150000000000000000e+03
6.157000000000000000e+03
6.163000000000000000e+03
6.171000000000000000e+03
6.172000000000000000e+03
6.173000000000000000e+03
6.180000000000000000e+03
6.182000000000000000e+03
6.187000000000000000e+03
6.189000000000000000e+03
6.200000000000000000e+03
6.201000000000000000e+03
6.202000000000000000e+03
6.205000000000000000e+03
6.208000000000000000e+03
6.213000000000000000e+03
6.218000000000000000e+03
6.221000000000000000e+03
6.226000000000000000e+03
6.230000000000000000e+03
6.246000000000000000e+03
6.250000000000000000e+03
6.251000000000000000e+03
6.258000000000000000e+03
6.266000000000000000e+03
6.269000000000000000e+03
6.273000000000000000e+03
6.274000000000000000e+03
6.289000000000000000e+03
6.290000000000000000e+03
6.299000000000000000e+03
6.304000000000000000e+03
6.305000000000000000e+03
6.306000000000000000e+03
6.313000000000000000e+03
6.333000000000000000e+03
6.338000000000000000e+03
6.344000000000000000e+03
6.345000000000000000e+03
6.354000000000000000e+03
6.358000000000000000e+03
6.362000000000000000e+03
6.372000000000000000e+03
6.399000000000000000e+03
6.404000000000000000e+03
6.406000000000000000e+03
6.412000000000000000e+03
6.421000000000000000e+03
6.443000000000000000e+03
6.451000000000000000e+03
6.452000000000000000e+03
6.454000000000000000e+03
6.457000000000000000e+03
6.458000000000000000e+03
6.467000000000000000e+03
6.474000000000000000e+03
6.484000000000000000e+03
6.504000000000000000e+03
6.508000000000000000e+03
6.509000000000000000e+03
6.511000000000000000e+03
6.517000000000000000e+03
6.522000000000000000e+03
6.528000000000000000e+03
6.535000000000000000e+03
6.552000000000000000e+03
6.556000000000000000e+03
6.563000000000000000e+03
6.565000000000000000e+03
6.578000000000000000e+03
6.581000000000000000e+03
6.588000000000000000e+03
6.590000000000000000e+03
6.594000000000000000e+03
6.596000000000000000e+03
6.597000000000000000e+03
6.610000000000000000e+03
6.613000000000000000e+03
6.619000000000000000e+03
6.624000000000000000e+03
6.626000000000000000e+03
6.635000000000000000e+03
6.639000000000000000e+03
6.640000000000000000e+03
6.647000000000000000e+03
6.651000000000000000e+03
6.654000000000000000e+03
6.658000000000000000e+03
6.665000000000000000e+03
6.667000000000000000e+03
6.677000000000000000e+03
6.682000000000000000e+03
6.683000000000000000e+03
6.684000000000000000e+03
6.686000000000000000e+03
6.689000000000000000e+03
6.695000000000000000e+03
6.701000000000000000e+03
6.703000000000000000e+03
6.706000000000000000e+03
6.718000000000000000e+03
6.733000000000000000e+03
6.743000000000000000e+03
6.747000000000000000e+03
6.753000000000000000e+03
6.756000000000000000e+03
6.761000000000000000e+03
6.762000000000000000e+03
6.769000000000000000e+03
6.777000000000000000e+03
6.779000000000000000e+03
6.782000000000000000e+03
6.800000000000000000e+03
6.806000000000000000e+03
6.808000000000000000e+03
6.817000000000000000e+03
6.819000000000000000e+03
6.822000000000000000e+03
6.831000000000000000e+03
6.839000000000000000e+03
6.841000000000000000e+03
6.847000000000000000e+03
6.850000000000000000e+03
6.856000000000000000e+03
6.859000000000000000e+03
6.867000000000000000e+03
6.869000000000000000e+03
6.876000000000000000e+03
6.886000000000000000e+03
6.887000000000000000e+03
6.892000000000000000e+03
6.906000000000000000e+03
6.913000000000000000e+03
6.914000000000000000e+03
6.934000000000000000e+03
6.943000000000000000e+03
6.958000000000000000e+03
6.968000000000000000e+03
6.980000000000000000e+03
6.989000000000000000e+03
6.992000000000000000e+03
6.998000000000000000e+03
7.014000000000000000e+03
7.015000000000000000e+03
7.019000000000000000e+03
7.020000000000000000e+03
7.024000000000000000e+03
7.033000000000000000e+03
7.036000000000000000e+03
7.041000000000000000e+03
7.042000000000000000e+03
7.044000000000000000e+03
7.067000000000000000e+03
7.072000000000000000e+03
7.076000000000000000e+03
7.090000000000000000e+03
7.091000000000000000e+03
7.097000000000000000e+03
7.099000000000000000e+03
7.101000000000000000e+03
7.112000000000000000e+03
7.119000000000000000e+03
7.126000000000000000e+03
7.128000000000000000e+03
7.130000000000000000e+03
7.141000000000000000e+03
7.155000000000000000e+03
7.157000000000000000e+03
7.158000000000000000e+03
7.166000000000000000e+03
7.169000000000000000e+03
7.173000000000000000e+03
7.176000000000000000e+03
7.178000000000000000e+03
7.184000000000000000e+03
7.197000000000000000e+03
7.205000000000000000e+03
7.208000000000000000e+03
7.214000000000000000e+03
7.218000000000000000e+03
7.220000000000000000e+03
7.228000000000000000e+03
7.238000000000000000e+03
7.243000000000000000e+03
7.245000000000000000e+03
7.265000000000000000e+03
7.266000000000000000e+03
7.268000000000000000e+03
7.272000000000000000e+03
7.284000000000000000e+03
7.288000000000000000e+03
7.292000000000000000e+03
7.295000000000000000e+03
7.298000000000000000e+03
7.300000000000000000e+03
7.307000000000000000e+03
7.316000000000000000e+03
7.320000000000000000e+03
7.338000000000000000e+03
7.361000000000000000e+03
7.364000000000000000e+03
7.370000000000000000e+03
7.371000000000000000e+03
7.379000000000000000e+03
7.380000000000000000e+03
7.383000000000000000e+03
7.393000000000000000e+03
7.401000000000000000e+03
7.402000000000000000e+03
7.404000000000000000e+03
7.416000000000000000e+03
7.421000000000000000e+03
7.422000000000000000e+03
7.424000000000000000e+03
7.437000000000000000e+03
7.439000000000000000e+03
7.440000000000000000e+03
7.445000000000000000e+03
7.461000000000000000e+03
7.480000000000000000e+03
7.486000000000000000e+03
7.488000000000000000e+03
7.489000000000000000e+03
7.492000000000000000e+03
7.497000000000000000e+03
7.498000000000000000e+03
7.504000000000000000e+03
7.508000000000000000e+03
7.515000000000000000e+03
7.517000000000000000e+03
7.522000000000000000e+03
7.526000000000000000e+03
7.533000000000000000e+03
7.536000000000000000e+03
7.547000000000000000e+03
7.551000000000000000e+03
7.555000000000000000e+03
7.561000000000000000e+03
7.567000000000000000e+03
7.571000000000000000e+03
7.580000000000000000e+03
7.583000000000000000e+03
7.597000000000000000e+03
7.599000000000000000e+03
7.624000000000000000e+03
7.637000000000000000e+03
7.646000000000000000e+03
7.660000000000000000e+03
7.668000000000000000e+03
7.687000000000000000e+03
7.697000000000000000e+03
7.714000000000000000e+03
7.719000000000000000e+03
7.727000000000000000e+03
7.733000000000000000e+03
7.736000000000000000e+03
7.738000000000000000e+03
7.741000000000000000e+03
7.747000000000000000e+03
7.748000000000000000e+03
7.752000000000000000e+03
7.769000000000000000e+03
7.772000000000000000e+03
7.774000000000000000e+03
7.777000000000000000e+03
7.787000000000000000e+03
7.791000000000000000e+03
7.799000000000000000e+03
7.800000000000000000e+03
7.804000000000000000e+03
7.810000000000000000e+03
7.819000000000000000e+03
7.824000000000000000e+03
7.826000000000000000e+03
7.828000000000000000e+03
7.842000000000000000e+03
7.853000000000000000e+03
7.917000000000000000e+03
7.919000000000000000e+03
7.923000000000000000e+03
7.924000000000000000e+03
7.927000000000000000e+03
7.941000000000000000e+03
7.949000000000000000e+03
7.950000000000000000e+03
7.976000000000000000e+03
7.982000000000000000e+03
7.987000000000000000e+03
7.988000000000000000e+03
7.994000000000000000e+03
7.999000000000000000e+03
8.005000000000000000e+03
8.011000000000000000e+03
8.026000000000000000e+03
8.033000000000000000e+03
8.045000000000000000e+03
8.052000000000000000e+03
8.058000000000000000e+03
8.060000000000000000e+03
8.061000000000000000e+03
8.067000000000000000e+03
8.071000000000000000e+03
8.093000000000000000e+03
8.100000000000000000e+03
8.123000000000000000e+03
8.136000000000000000e+03
8.142000000000000000e+03
8.167000000000000000e+03
8.185000000000000000e+03
8.192000000000000000e+03
8.194000000000000000e+03
8.196000000000000000e+03
8.201000000000000000e+03
8.202000000000000000e+03
8.205000000000000000e+03
8.219000000000000000e+03
8.233000000000000000e+03
8.244000000000000000e+03
8.253000000000000000e+03
8.257000000000000000e+03
8.261000000000000000e+03
8.262000000000000000e+03
8.270000000000000000e+03
8.271000000000000000e+03
8.277000000000000000e+03
8.285000000000000000e+03
8.291000000000000000e+03
8.294000000000000000e+03
8.298000000000000000e+03
8.300000000000000000e+03
8.310000000000000000e+03
8.311000000000000000e+03
8.318000000000000000e+03
8.321000000000000000e+03
8.324000000000000000e+03
8.332000000000000000e+03
8.338000000000000000e+03
8.348000000000000000e+03
8.352000000000000000e+03
8.353000000000000000e+03
8.373000000000000000e+03
8.380000000000000000e+03
8.387000000000000000e+03
8.420000000000000000e+03
8.422000000000000000e+03
8.423000000000000000e+03
8.429000000000000000e+03
8.434000000000000000e+03
8.436000000000000000e+03
8.439000000000000000e+03
8.461000000000000000e+03
8.465000000000000000e+03
8.475000000000000000e+03
8.485000000000000000e+03
8.500000000000000000e+03
8.504000000000000000e+03
8.511000000000000000e+03
8.512000000000000000e+03
8.513000000000000000e+03
8.515000000000000000e+03
8.517000000000000000e+03
8.521000000000000000e+03
8.526000000000000000e+03
8.534000000000000000e+03
8.538000000000000000e+03
8.585000000000000000e+03
8.587000000000000000e+03
8.588000000000000000e+03
8.597000000000000000e+03
8.600000000000000000e+03
8.602000000000000000e+03
8.620000000000000000e+03
8.625000000000000000e+03
8.626000000000000000e+03
8.630000000000000000e+03
8.633000000000000000e+03
8.637000000000000000e+03
8.639000000000000000e+03
8.640000000000000000e+03
8.643000000000000000e+03
8.648000000000000000e+03
8.651000000000000000e+03
8.652000000000000000e+03
8.662000000000000000e+03
8.664000000000000000e+03
8.666000000000000000e+03
8.680000000000000000e+03
8.681000000000000000e+03
8.686000000000000000e+03
8.694000000000000000e+03
8.696000000000000000e+03
8.735000000000000000e+03
8.744000000000000000e+03
8.747000000000000000e+03
8.753000000000000000e+03
8.760000000000000000e+03
8.778000000000000000e+03
8.784000000000000000e+03
8.787000000000000000e+03
8.789000000000000000e+03
8.802000000000000000e+03
8.812000000000000000e+03
8.821000000000000000e+03
8.822000000000000000e+03
8.843000000000000000e+03
8.848000000000000000e+03
8.853000000000000000e+03
8.874000000000000000e+03
8.890000000000000000e+03
8.909000000000000000e+03
8.911000000000000000e+03
8.916000000000000000e+03
8.923000000000000000e+03
8.925000000000000000e+03
8.931000000000000000e+03
8.933000000000000000e+03
8.938000000000000000e+03
8.947000000000000000e+03
8.951000000000000000e+03
8.960000000000000000e+03
8.962000000000000000e+03
8.964000000000000000e+03
8.967000000000000000e+03
8.988000000000000000e+03
9.013000000000000000e+03
9.019000000000000000e+03
9.027000000000000000e+03
9.034000000000000000e+03
9.038000000000000000e+03
9.048000000000000000e+03
9.051000000000000000e+03
9.052000000000000000e+03
9.056000000000000000e+03
9.063000000000000000e+03
9.077000000000000000e+03
9.080000000000000000e+03
9.087000000000000000e+03
9.098000000000000000e+03
9.100000000000000000e+03
9.127000000000000000e+03
9.130000000000000000e+03
9.131000000000000000e+03
9.159000000000000000e+03
9.161000000000000000e+03
9.162000000000000000e+03
9.167000000000000000e+03
9.168000000000000000e+03
9.177000000000000000e+03
9.182000000000000000e+03
9.186000000000000000e+03
9.190000000000000000e+03
9.191000000000000000e+03
9.193000000000000000e+03
9.196000000000000000e+03
9.202000000000000000e+03
9.205000000000000000e+03
9.214000000000000000e+03
9.228000000000000000e+03
9.229000000000000000e+03
9.233000000000000000e+03
9.247000000000000000e+03
9.250000000000000000e+03
9.259000000000000000e+03
9.263000000000000000e+03
9.264000000000000000e+03
9.277000000000000000e+03
9.278000000000000000e+03
9.280000000000000000e+03
9.289000000000000000e+03
9.291000000000000000e+03
9.292000000000000000e+03
9.293000000000000000e+03
9.294000000000000000e+03
9.298000000000000000e+03
9.300000000000000000e+03
9.302000000000000000e+03
9.313000000000000000e+03
9.321000000000000000e+03
9.324000000000000000e+03
9.332000000000000000e+03
9.338000000000000000e+03
9.340000000000000000e+03
9.348000000000000000e+03
9.364000000000000000e+03
9.370000000000000000e+03
9.375000000000000000e+03
9.377000000000000000e+03
9.380000000000000000e+03
9.384000000000000000e+03
9.389000000000000000e+03
9.390000000000000000e+03
9.396000000000000000e+03
9.422000000000000000e+03
9.428000000000000000e+03
9.441000000000000000e+03
9.459000000000000000e+03
9.463000000000000000e+03
9.465000000000000000e+03
9.467000000000000000e+03
9.477000000000000000e+03
9.494000000000000000e+03
9.513000000000000000e+03
9.517000000000000000e+03
9.528000000000000000e+03
9.533000000000000000e+03
9.537000000000000000e+03
9.540000000000000000e+03
9.545000000000000000e+03
9.547000000000000000e+03
9.570000000000000000e+03
9.571000000000000000e+03
9.579000000000000000e+03
9.580000000000000000e+03
9.593000000000000000e+03
9.600000000000000000e+03
9.603000000000000000e+03
9.610000000000000000e+03
9.619000000000000000e+03
9.621000000000000000e+03
9.623000000000000000e+03
9.626000000000000000e+03
9.635000000000000000e+03
9.636000000000000000e+03
9.638000000000000000e+03
9.645000000000000000e+03
9.648000000000000000e+03
9.664000000000000000e+03
9.665000000000000000e+03
9.666000000000000000e+03
9.673000000000000000e+03
9.674000000000000000e+03
9.691000000000000000e+03
9.693000000000000000e+03
9.699000000000000000e+03
9.707000000000000000e+03
9.708000000000000000e+03
9.740000000000000000e+03
9.749000000000000000e+03
9.750000000000000000e+03
9.754000000000000000e+03
9.758000000000000000e+03
9.765000000000000000e+03
9.768000000000000000e+03
9.777000000000000000e+03
9.778000000000000000e+03
9.779000000000000000e+03
9.781000000000000000e+03
9.800000000000000000e+03
9.818000000000000000e+03
9.819000000000000000e+03
9.820000000000000000e+03
9.825000000000000000e+03
9.831000000000000000e+03
9.833000000000000000e+03
9.834000000000000000e+03
9.862000000000000000e+03
9.872000000000000000e+03
9.877000000000000000e+03
9.882000000000000000e+03
9.889000000000000000e+03
9.892000000000000000e+03
9.906000000000000000e+03
9.909000000000000000e+03
9.919000000000000000e+03
9.920000000000000000e+03
9.930000000000000000e+03
9.934000000000000000e+03
9.939000000000000000e+03
9.950000000000000000e+03
9.953000000000000000e+03
9.970000000000000000e+03
9.977000000000000000e+03
9.986000000000000000e+03
9.992000000000000000e+03
1.000100000000000000e+04
1.000600000000000000e+04
1.003600000000000000e+04
1.003900000000000000e+04
1.005200000000000000e+04
1.005500000000000000e+04
1.005800000000000000e+04
1.006900000000000000e+04
1.007900000000000000e+04
1.009000000000000000e+04
1.009900000000000000e+04
1.011500000000000000e+04
1.014600000000000000e+04
1.014700000000000000e+04
1.015200000000000000e+04
1.015400000000000000e+04
1.016300000000000000e+04
1.017900000000000000e+04
1.018400000000000000e+04
1.018800000000000000e+04
1.020300000000000000e+04
1.020700000000000000e+04
1.024000000000000000e+04
1.024800000000000000e+04
1.025200000000000000e+04
1.025700000000000000e+04
1.026000000000000000e+04
1.026200000000000000e+04
1.026900000000000000e+04
1.027000000000000000e+04
1.027400000000000000e+04
1.028100000000000000e+04
1.028400000000000000e+04
1.028700000000000000e+04
1.029900000000000000e+04
1.030100000000000000e+04
1.030500000000000000e+04
1.030800000000000000e+04
1.032500000000000000e+04
1.032600000000000000e+04
1.033300000000000000e+04
1.033400000000000000e+04
1.033500000000000000e+04
1.035700000000000000e+04
1.035900000000000000e+04
1.036200000000000000e+04
1.038200000000000000e+04
1.038300000000000000e+04
1.038800000000000000e+04
1.039600000000000000e+04
1.040000000000000000e+04
1.040800000000000000e+04
1.041400000000000000e+04
1.041900000000000000e+04
1.043000000000000000e+04
1.044400000000000000e+04
1.045600000000000000e+04
1.046200000000000000e+04
1.047100000000000000e+04
1.047600000000000000e+04
1.048300000000000000e+04
1.048500000000000000e+04
1.049300000000000000e+04
1.051800000000000000e+04
1.053600000000000000e+04
1.053900000000000000e+04
1.054300000000000000e+04
1.054900000000000000e+04
1.055000000000000000e+04
1.055600000000000000e+04
1.056100000000000000e+04
1.056200000000000000e+04
1.057300000000000000e+04
1.057400000000000000e+04
1.057500000000000000e+04
1.057800000000000000e+04
1.058200000000000000e+04
1.058700000000000000e+04
1.059000000000000000e+04
1.060500000000000000e+04
1.060700000000000000e+04
1.061100000000000000e+04
1.063600000000000000e+04
1.064000000000000000e+04
1.064500000000000000e+04
1.064600000000000000e+04
1.065600000000000000e+04
1.067200000000000000e+04
1.067300000000000000e+04
1.067400000000000000e+04
1.067500000000000000e+04
1.067700000000000000e+04
1.068000000000000000e+04
1.068100000000000000e+04
1.069300000000000000e+04
1.070100000000000000e+04
1.070200000000000000e+04
1.071300000000000000e+04
1.072400000000000000e+04
1.073200000000000000e+04
1.074600000000000000e+04
1.074700000000000000e+04
1.075000000000000000e+04
1.075300000000000000e+04
1.076500000000000000e+04
1.076800000000000000e+04
1.078200000000000000e+04
1.078400000000000000e+04
1.079500000000000000e+04
1.080300000000000000e+04
1.081000000000000000e+04
1.081300000000000000e+04
1.082100000000000000e+04
1.082600000000000000e+04
1.082700000000000000e+04
1.083400000000000000e+04
1.083600000000000000e+04
1.083800000000000000e+04
1.085300000000000000e+04
1.086000000000000000e+04
1.086600000000000000e+04
1.087100000000000000e+04
1.091000000000000000e+04
1.095400000000000000e+04
1.095600000000000000e+04
1.096400000000000000e+04
1.097100000000000000e+04
1.097300000000000000e+04
1.098100000000000000e+04
1.098200000000000000e+04
1.098300000000000000e+04
1.100000000000000000e+04
1.100100000000000000e+04
1.100900000000000000e+04
1.101900000000000000e+04
1.104900000000000000e+04
1.105400000000000000e+04
1.105900000000000000e+04
1.106800000000000000e+04
1.107000000000000000e+04
1.107800000000000000e+04
1.108000000000000000e+04
1.110200000000000000e+04
1.110500000000000000e+04
1.110900000000000000e+04
1.111500000000000000e+04
1.112600000000000000e+04
1.112800000000000000e+04
1.113400000000000000e+04
1.114000000000000000e+04
1.115200000000000000e+04
1.117600000000000000e+04
1.117900000000000000e+04
1.119400000000000000e+04
1.119900000000000000e+04
1.120900000000000000e+04
1.121500000000000000e+04
1.124000000000000000e+04
1.124400000000000000e+04
1.125800000000000000e+04
1.127300000000000000e+04
1.127800000000000000e+04
1.128400000000000000e+04
1.128800000000000000e+04
1.129400000000000000e+04
1.129700000000000000e+04
1.131600000000000000e+04
1.131700000000000000e+04
1.133400000000000000e+04
1.133900000000000000e+04
1.134100000000000000e+04
1.135100000000000000e+04
1.137300000000000000e+04
1.138700000000000000e+04
1.138900000000000000e+04
1.139000000000000000e+04
1.139200000000000000e+04
1.139300000000000000e+04
1.140700000000000000e+04
1.141500000000000000e+04
1.142100000000000000e+04
1.143300000000000000e+04
1.144300000000000000e+04
1.144800000000000000e+04
1.145100000000000000e+04
1.145600000000000000e+04
1.145800000000000000e+04
1.146100000000000000e+04
1.146400000000000000e+04
1.146500000000000000e+04
1.147000000000000000e+04
1.147200000000000000e+04
1.149200000000000000e+04
1.149700000000000000e+04
1.150200000000000000e+04
1.150700000000000000e+04
1.151400000000000000e+04
1.152000000000000000e+04
1.152300000000000000e+04
1.152700000000000000e+04
1.154600000000000000e+04
1.155000000000000000e+04
1.155400000000000000e+04
1.155500000000000000e+04
1.155700000000000000e+04
1.157100000000000000e+04
1.157300000000000000e+04
1.157700000000000000e+04
1.158000000000000000e+04
1.158500000000000000e+04
1.158900000000000000e+04
1.160100000000000000e+04
1.160200000000000000e+04
1.160600000000000000e+04
1.160900000000000000e+04
1.161400000000000000e+04
1.161500000000000000e+04
1.162100000000000000e+04
1.164000000000000000e+04
1.164300000000000000e+04
1.165900000000000000e+04
1.167200000000000000e+04
1.168400000000000000e+04
1.168700000000000000e+04
1.168800000000000000e+04
1.169000000000000000e+04
1.169100000000000000e+04
1.170800000000000000e+04
1.170900000000000000e+04
1.171200000000000000e+04
1.171700000000000000e+04
1.173800000000000000e+04
1.174100000000000000e+04
1.174300000000000000e+04
1.176200000000000000e+04
1.176700000000000000e+04
1.179600000000000000e+04
1.180200000000000000e+04
1.180300000000000000e+04
1.180800000000000000e+04
1.181100000000000000e+04
1.181800000000000000e+04
1.182200000000000000e+04
1.182300000000000000e+04
1.182600000000000000e+04
1.182900000000000000e+04
1.183000000000000000e+04
1.183900000000000000e+04
1.184000000000000000e+04
1.184800000000000000e+04
1.187600000000000000e+04
1.187700000000000000e+04
1.188200000000000000e+04
1.189000000000000000e+04
1.189200000000000000e+04
1.189800000000000000e+04
1.189900000000000000e+04
1.190600000000000000e+04
1.191000000000000000e+04
1.192900000000000000e+04
1.194100000000000000e+04
1.194400000000000000e+04
1.194700000000000000e+04
1.196800000000000000e+04
1.197000000000000000e+04
1.197200000000000000e+04
1.197600000000000000e+04
1.198000000000000000e+04
1.198100000000000000e+04
1.198300000000000000e+04
1.199100000000000000e+04
1.199200000000000000e+04
1.199300000000000000e+04
1.201100000000000000e+04
1.201600000000000000e+04
1.202000000000000000e+04
1.202600000000000000e+04
1.202700000000000000e+04
1.204000000000000000e+04
1.204100000000000000e+04
1.205000000000000000e+04
1.207900000000000000e+04
1.208800000000000000e+04
1.210400000000000000e+04
1.210600000000000000e+04
1.210800000000000000e+04
1.211100000000000000e+04
1.212100000000000000e+04
1.213800000000000000e+04
1.214200000000000000e+04
1.216100000000000000e+04
1.216900000000000000e+04
1.217900000000000000e+04
1.218000000000000000e+04
1.219300000000000000e+04
1.219800000000000000e+04
1.220600000000000000e+04
1.221900000000000000e+04
1.222100000000000000e+04
1.223400000000000000e+04
1.223600000000000000e+04
1.224700000000000000e+04
1.225000000000000000e+04
1.225400000000000000e+04
1.226600000000000000e+04
1.226700000000000000e+04
1.228100000000000000e+04
1.228800000000000000e+04
1.229100000000000000e+04
1.229200000000000000e+04
1.229300000000000000e+04
1.229800000000000000e+04
1.230300000000000000e+04
1.230400000000000000e+04
1.230800000000000000e+04
1.231200000000000000e+04
1.232000000000000000e+04
1.234500000000000000e+04
1.236000000000000000e+04
1.236400000000000000e+04
1.236800000000000000e+04
1.237100000000000000e+04
1.238700000000000000e+04
1.238900000000000000e+04
1.239500000000000000e+04
1.240200000000000000e+04
1.240700000000000000e+04
1.241100000000000000e+04
1.242000000000000000e+04
1.242100000000000000e+04
1.242400000000000000e+04
1.243000000000000000e+04
1.244300000000000000e+04
1.245000000000000000e+04
1.245200000000000000e+04
1.247900000000000000e+04
1.248800000000000000e+04
1.248900000000000000e+04
1.249000000000000000e+04
1.249900000000000000e+04
1.250100000000000000e+04
1.251400000000000000e+04
1.251600000000000000e+04
1.251700000000000000e+04
1.251800000000000000e+04
1.253100000000000000e+04
1.253800000000000000e+04
1.253900000000000000e+04
1.254500000000000000e+04
1.255300000000000000e+04
1.257000000000000000e+04
1.257600000000000000e+04
1.258700000000000000e+04
1.258800000000000000e+04
1.260300000000000000e+04
1.264400000000000000e+04
1.266100000000000000e+04
1.267200000000000000e+04
1.267900000000000000e+04
1.268300000000000000e+04
1.268600000000000000e+04
1.268700000000000000e+04
1.270100000000000000e+04
1.271400000000000000e+04
1.271700000000000000e+04
1.271800000000000000e+04
1.272500000000000000e+04
1.273000000000000000e+04
1.274500000000000000e+04
1.275200000000000000e+04
1.275800000000000000e+04
1.277900000000000000e+04
1.280200000000000000e+04
1.280500000000000000e+04
1.280700000000000000e+04
1.282600000000000000e+04
1.283800000000000000e+04
1.283900000000000000e+04
1.284100000000000000e+04
1.284200000000000000e+04
1.284300000000000000e+04
1.284900000000000000e+04
1.285200000000000000e+04
1.285300000000000000e+04
1.287800000000000000e+04
1.288100000000000000e+04
1.288200000000000000e+04
1.288600000000000000e+04
1.288700000000000000e+04
1.288800000000000000e+04
1.289100000000000000e+04
1.290900000000000000e+04
1.291200000000000000e+04
1.292600000000000000e+04
1.293500000000000000e+04
1.294300000000000000e+04
1.294800000000000000e+04
1.295300000000000000e+04
1.295600000000000000e+04
1.296100000000000000e+04
1.298200000000000000e+04
1.298400000000000000e+04
1.298900000000000000e+04
1.299100000000000000e+04
1.299700000000000000e+04
1.299900000000000000e+04
1.300500000000000000e+04
1.301200000000000000e+04
1.301300000000000000e+04
1.301600000000000000e+04
1.303200000000000000e+04
1.303800000000000000e+04
1.304000000000000000e+04
1.304400000000000000e+04
1.305300000000000000e+04
1.305500000000000000e+04
1.307000000000000000e+04
1.307300000000000000e+04
1.307800000000000000e+04
1.308500000000000000e+04
1.309400000000000000e+04
1.310300000000000000e+04
1.311800000000000000e+04
1.312500000000000000e+04
1.313900000000000000e+04
1.314300000000000000e+04
1.314400000000000000e+04
1.315000000000000000e+04
1.315900000000000000e+04
1.316100000000000000e+04
1.318800000000000000e+04
1.319600000000000000e+04
1.320000000000000000e+04
1.320100000000000000e+04
1.320800000000000000e+04
1.321200000000000000e+04
1.321800000000000000e+04
1.322000000000000000e+04
1.322300000000000000e+04
1.322700000000000000e+04
1.323000000000000000e+04
1.323100000000000000e+04
1.323300000000000000e+04
1.325600000000000000e+04
1.326400000000000000e+04
1.327100000000000000e+04
1.327900000000000000e+04
1.328100000000000000e+04
1.328600000000000000e+04
1.328800000000000000e+04
1.329000000000000000e+04
1.330700000000000000e+04
1.331200000000000000e+04
1.332300000000000000e+04
1.333200000000000000e+04
1.333400000000000000e+04
1.334300000000000000e+04
1.335800000000000000e+04
1.336000000000000000e+04
1.336400000000000000e+04
1.337700000000000000e+04
1.337900000000000000e+04
1.338000000000000000e+04
1.339800000000000000e+04
1.339900000000000000e+04
1.340800000000000000e+04
1.341200000000000000e+04
1.344200000000000000e+04
1.344700000000000000e+04
1.344800000000000000e+04
1.345400000000000000e+04
1.345700000000000000e+04
1.345800000000000000e+04
1.345900000000000000e+04
1.347200000000000000e+04
1.347500000000000000e+04
1.347700000000000000e+04
1.348700000000000000e+04
1.349900000000000000e+04
1.350200000000000000e+04
1.350800000000000000e+04
1.350900000000000000e+04
1.351400000000000000e+04
1.351900000000000000e+04
1.353500000000000000e+04
1.355000000000000000e+04
1.355300000000000000e+04
1.356300000000000000e+04
1.356400000000000000e+04
1.356700000000000000e+04
1.358100000000000000e+04
1.359600000000000000e+04
1.360200000000000000e+04
1.360600000000000000e+04
1.361200000000000000e+04
1.362600000000000000e+04
1.363100000000000000e+04
1.365100000000000000e+04
1.365600000000000000e+04
1.366900000000000000e+04
1.368100000000000000e+04
1.370400000000000000e+04
1.370900000000000000e+04
1.371100000000000000e+04
1.371400000000000000e+04
1.371500000000000000e+04
1.371600000000000000e+04
1.371700000000000000e+04
1.372500000000000000e+04
1.372600000000000000e+04
1.372800000000000000e+04
1.374200000000000000e+04
1.374600000000000000e+04
1.375300000000000000e+04
1.376100000000000000e+04
1.377600000000000000e+04
1.377800000000000000e+04
1.379400000000000000e+04
1.379500000000000000e+04
1.380100000000000000e+04
1.380500000000000000e+04
1.380600000000000000e+04
1.382400000000000000e+04
1.382800000000000000e+04
1.383000000000000000e+04
1.384800000000000000e+04
1.385500000000000000e+04
1.386100000000000000e+04
1.386900000000000000e+04
1.387000000000000000e+04
1.387400000000000000e+04
1.387500000000000000e+04
1.387600000000000000e+04
1.387800000000000000e+04
1.387900000000000000e+04
1.388400000000000000e+04
1.389000000000000000e+04
1.389300000000000000e+04
1.390000000000000000e+04
1.390400000000000000e+04
1.390500000000000000e+04
1.390900000000000000e+04
1.391100000000000000e+04
1.391300000000000000e+04
1.393600000000000000e+04
1.395700000000000000e+04
1.396400000000000000e+04
1.396800000000000000e+04
1.397300000000000000e+04
1.397400000000000000e+04
1.398300000000000000e+04
1.399200000000000000e+04
1.399300000000000000e+04
1.401300000000000000e+04
1.401500000000000000e+04
1.402400000000000000e+04
1.402600000000000000e+04
1.403300000000000000e+04
1.404900000000000000e+04
1.405800000000000000e+04
1.408000000000000000e+04
1.408700000000000000e+04
1.408900000000000000e+04
1.409500000000000000e+04
1.409800000000000000e+04
1.410400000000000000e+04
1.410900000000000000e+04
1.411100000000000000e+04
1.412800000000000000e+04
1.413900000000000000e+04
1.414000000000000000e+04
1.415400000000000000e+04
1.415700000000000000e+04
1.416500000000000000e+04
1.417500000000000000e+04
1.419100000000000000e+04
1.419400000000000000e+04
1.419600000000000000e+04
1.420500000000000000e+04
1.421400000000000000e+04
1.423000000000000000e+04
1.423100000000000000e+04
1.423300000000000000e+04
1.424000000000000000e+04
1.424200000000000000e+04
1.425600000000000000e+04
1.425900000000000000e+04
1.426700000000000000e+04
1.426900000000000000e+04
1.427300000000000000e+04
1.428100000000000000e+04
1.428300000000000000e+04
1.429100000000000000e+04
1.431900000000000000e+04
1.433300000000000000e+04
1.434000000000000000e+04
1.435500000000000000e+04
1.437300000000000000e+04
1.440100000000000000e+04
1.440200000000000000e+04
1.440900000000000000e+04
1.441500000000000000e+04
1.442100000000000000e+04
1.442600000000000000e+04
1.443600000000000000e+04
1.444000000000000000e+04
1.444200000000000000e+04
1.444500000000000000e+04
1.445200000000000000e+04
1.446900000000000000e+04
1.447600000000000000e+04
1.448800000000000000e+04
1.451700000000000000e+04
1.451800000000000000e+04
1.451900000000000000e+04
1.453300000000000000e+04
1.454100000000000000e+04
1.454700000000000000e+04
1.455700000000000000e+04
1.456900000000000000e+04
1.457100000000000000e+04
1.459100000000000000e+04
1.460000000000000000e+04
1.460400000000000000e+04
1.460600000000000000e+04
1.461800000000000000e+04
1.462500000000000000e+04
1.462900000000000000e+04
1.463400000000000000e+04
1.463900000000000000e+04
1.465500000000000000e+04
1.466000000000000000e+04
1.468600000000000000e+04
1.468800000000000000e+04
1.469300000000000000e+04
1.471100000000000000e+04
1.473300000000000000e+04
1.473600000000000000e+04
1.473800000000000000e+04
1.474600000000000000e+04
1.475200000000000000e+04
1.475600000000000000e+04
1.476300000000000000e+04
1.477200000000000000e+04
1.477700000000000000e+04
1.478100000000000000e+04
1.478300000000000000e+04
1.478800000000000000e+04
1.478900000000000000e+04
1.479000000000000000e+04
1.480200000000000000e+04
1.480300000000000000e+04
1.480400000000000000e+04
1.481800000000000000e+04
1.481900000000000000e+04
1.482500000000000000e+04
1.482800000000000000e+04
1.483500000000000000e+04
1.483600000000000000e+04
1.484300000000000000e+04
1.486300000000000000e+04
1.488500000000000000e+04
1.490200000000000000e+04
1.490900000000000000e+04
1.491900000000000000e+04
1.492000000000000000e+04
1.492400000000000000e+04
1.493700000000000000e+04
1.495700000000000000e+04
1.496400000000000000e+04
1.496900000000000000e+04
1.497000000000000000e+04
1.498600000000000000e+04
1.499200000000000000e+04
1.499700000000000000e+04
1.500200000000000000e+04
1.501500000000000000e+04
1.501700000000000000e+04
1.503100000000000000e+04
1.503300000000000000e+04
1.503500000000000000e+04
1.504100000000000000e+04
1.504500000000000000e+04
1.504700000000000000e+04
1.507200000000000000e+04
1.507300000000000000e+04
1.509200000000000000e+04
1.510700000000000000e+04
1.511000000000000000e+04
1.512000000000000000e+04
1.512200000000000000e+04
1.512300000000000000e+04
1.513300000000000000e+04
1.514200000000000000e+04
1.515800000000000000e+04
1.515900000000000000e+04
1.517000000000000000e+04
1.518700000000000000e+04
1.519000000000000000e+04
1.519100000000000000e+04
1.521100000000000000e+04
1.521500000000000000e+04
1.522600000000000000e+04
1.523800000000000000e+04
1.524500000000000000e+04
1.524900000000000000e+04
1.525600000000000000e+04
1.525700000000000000e+04
1.525900000000000000e+04
1.526200000000000000e+04
1.527700000000000000e+04
1.529100000000000000e+04
1.529900000000000000e+04
1.530600000000000000e+04
1.531600000000000000e+04
1.534000000000000000e+04
1.535700000000000000e+04
1.536300000000000000e+04
1.536400000000000000e+04
1.537200000000000000e+04
1.537400000000000000e+04
1.537800000000000000e+04
1.538000000000000000e+04
1.538300000000000000e+04
1.540800000000000000e+04
1.541600000000000000e+04
1.541700000000000000e+04
1.543200000000000000e+04
1.545300000000000000e+04
1.545600000000000000e+04
1.550600000000000000e+04
1.551100000000000000e+04
1.551800000000000000e+04
1.552300000000000000e+04
1.553000000000000000e+04
1.553700000000000000e+04
1.554100000000000000e+04
1.554400000000000000e+04
1.555200000000000000e+04
1.556100000000000000e+04
1.556800000000000000e+04
1.557300000000000000e+04
1.557500000000000000e+04
1.557600000000000000e+04
1.558000000000000000e+04
1.558700000000000000e+04
1.560700000000000000e+04
1.560800000000000000e+04
1.561700000000000000e+04
1.561800000000000000e+04
1.562100000000000000e+04
1.562300000000000000e+04
1.563600000000000000e+04
1.564200000000000000e+04
1.564500000000000000e+04
1.564600000000000000e+04
1.565000000000000000e+04
1.565200000000000000e+04
1.565300000000000000e+04
1.565700000000000000e+04
1.567700000000000000e+04
1.567800000000000000e+04
1.568200000000000000e+04
1.569400000000000000e+04
1.569900000000000000e+04
1.570300000000000000e+04
1.570700000000000000e+04
1.571800000000000000e+04
1.572800000000000000e+04
1.572900000000000000e+04
1.574300000000000000e+04
1.575200000000000000e+04
1.576100000000000000e+04
1.577600000000000000e+04
1.577700000000000000e+04
1.578100000000000000e+04
1.578700000000000000e+04
1.578800000000000000e+04
1.580500000000000000e+04
1.581100000000000000e+04
1.581800000000000000e+04
1.583600000000000000e+04
1.584200000000000000e+04
1.584900000000000000e+04
1.585700000000000000e+04
1.585900000000000000e+04
1.589600000000000000e+04
1.589700000000000000e+04
1.590000000000000000e+04
1.590900000000000000e+04
1.591000000000000000e+04
1.591200000000000000e+04
1.592100000000000000e+04
1.592800000000000000e+04
1.594000000000000000e+04
1.595000000000000000e+04
1.595200000000000000e+04
1.596000000000000000e+04
1.596200000000000000e+04
1.596400000000000000e+04
1.596800000000000000e+04
1.597400000000000000e+04
1.598000000000000000e+04
1.598600000000000000e+04
1.599400000000000000e+04
1.600200000000000000e+04
1.600400000000000000e+04
1.601300000000000000e+04
1.601400000000000000e+04
1.601500000000000000e+04
1.601800000000000000e+04
1.604100000000000000e+04
1.604500000000000000e+04
1.605400000000000000e+04
1.605900000000000000e+04
1.606400000000000000e+04
1.607100000000000000e+04
1.607700000000000000e+04
1.607900000000000000e+04
1.609500000000000000e+04
1.610400000000000000e+04
1.610800000000000000e+04
1.611100000000000000e+04
1.611300000000000000e+04
1.611800000000000000e+04
1.612900000000000000e+04
1.613600000000000000e+04
1.614500000000000000e+04
1.614700000000000000e+04
1.616600000000000000e+04
1.617500000000000000e+04
1.618600000000000000e+04
1.619800000000000000e+04
1.620600000000000000e+04
1.621000000000000000e+04
1.621600000000000000e+04
1.621800000000000000e+04
1.621900000000000000e+04
1.623200000000000000e+04
1.623700000000000000e+04
1.623900000000000000e+04
1.625800000000000000e+04
1.626400000000000000e+04
1.627000000000000000e+04
1.628100000000000000e+04
1.629500000000000000e+04
1.629700000000000000e+04
1.630300000000000000e+04
1.630500000000000000e+04
1.631800000000000000e+04
1.631900000000000000e+04
1.632300000000000000e+04
1.632500000000000000e+04
1.632700000000000000e+04
1.633500000000000000e+04
1.634200000000000000e+04
1.634900000000000000e+04
1.635400000000000000e+04
1.636000000000000000e+04
1.636100000000000000e+04
1.636500000000000000e+04
1.638100000000000000e+04
1.638300000000000000e+04
1.639200000000000000e+04
1.639600000000000000e+04
1.639800000000000000e+04
1.639900000000000000e+04
1.640100000000000000e+04
1.640500000000000000e+04
1.640800000000000000e+04
1.642400000000000000e+04
1.642700000000000000e+04
1.643300000000000000e+04
1.643400000000000000e+04
1.643700000000000000e+04
1.645200000000000000e+04
1.645700000000000000e+04
1.646700000000000000e+04
1.646900000000000000e+04
1.647400000000000000e+04
1.648100000000000000e+04
1.648300000000000000e+04
1.648700000000000000e+04
1.649400000000000000e+04
1.650100000000000000e+04
1.651200000000000000e+04
1.651300000000000000e+04
1.651900000000000000e+04
1.653800000000000000e+04
1.653900000000000000e+04
1.654400000000000000e+04
1.654800000000000000e+04
1.655800000000000000e+04
1.655900000000000000e+04
1.656400000000000000e+04
1.656700000000000000e+04
1.658000000000000000e+04
1.660300000000000000e+04
1.661200000000000000e+04
1.661300000000000000e+04
1.661600000000000000e+04
1.662700000000000000e+04
1.664200000000000000e+04
1.664300000000000000e+04
1.664600000000000000e+04
1.665200000000000000e+04
1.665600000000000000e+04
1.666400000000000000e+04
1.668600000000000000e+04
1.669100000000000000e+04
1.669500000000000000e+04
1.670000000000000000e+04
1.671300000000000000e+04
1.672400000000000000e+04
1.673700000000000000e+04
1.674100000000000000e+04
1.674400000000000000e+04
1.674900000000000000e+04
1.675300000000000000e+04
1.675400000000000000e+04
1.675600000000000000e+04
1.676100000000000000e+04
1.676400000000000000e+04
1.676900000000000000e+04
1.677200000000000000e+04
1.677300000000000000e+04
1.678300000000000000e+04
1.679400000000000000e+04
1.680700000000000000e+04
1.680900000000000000e+04
1.681200000000000000e+04
1.681300000000000000e+04
1.683500000000000000e+04
1.683700000000000000e+04
1.683900000000000000e+04
1.684200000000000000e+04
1.684300000000000000e+04
1.685500000000000000e+04
1.686000000000000000e+04
1.686100000000000000e+04
1.686200000000000000e+04
1.686600000000000000e+04
1.686800000000000000e+04
1.686900000000000000e+04
1.687000000000000000e+04
1.687500000000000000e+04
1.690100000000000000e+04
1.692100000000000000e+04
1.693000000000000000e+04
1.693100000000000000e+04
1.693300000000000000e+04
1.694300000000000000e+04
1.694800000000000000e+04
1.696300000000000000e+04
1.697500000000000000e+04
1.698200000000000000e+04
1.699000000000000000e+04
1.699400000000000000e+04
1.700700000000000000e+04
1.701000000000000000e+04
1.701300000000000000e+04
1.701500000000000000e+04
1.702900000000000000e+04
1.703300000000000000e+04
1.706100000000000000e+04
1.707100000000000000e+04
1.708300000000000000e+04
1.709700000000000000e+04
1.710100000000000000e+04
1.710400000000000000e+04
1.711400000000000000e+04
1.711600000000000000e+04
1.711700000000000000e+04
1.712700000000000000e+04
1.713000000000000000e+04
1.714200000000000000e+04
1.714600000000000000e+04
1.715700000000000000e+04
1.715900000000000000e+04
1.716200000000000000e+04
1.719600000000000000e+04
1.722000000000000000e+04
1.722900000000000000e+04
1.724300000000000000e+04
1.725500000000000000e+04
1.726900000000000000e+04
1.727100000000000000e+04
1.727200000000000000e+04
1.727300000000000000e+04
1.727900000000000000e+04
1.728400000000000000e+04
1.729900000000000000e+04
1.730000000000000000e+04
1.732000000000000000e+04
1.732100000000000000e+04
1.732400000000000000e+04
1.732500000000000000e+04
1.732700000000000000e+04
1.733700000000000000e+04
1.733900000000000000e+04
1.734000000000000000e+04
1.734100000000000000e+04
1.735300000000000000e+04
1.736600000000000000e+04
1.737400000000000000e+04
1.738500000000000000e+04
1.739400000000000000e+04
1.740000000000000000e+04
1.740100000000000000e+04
1.741100000000000000e+04
1.742200000000000000e+04
1.743600000000000000e+04
1.744200000000000000e+04
1.744700000000000000e+04
1.745200000000000000e+04
1.747400000000000000e+04
1.748100000000000000e+04
1.749800000000000000e+04
1.750800000000000000e+04
1.750900000000000000e+04
1.752100000000000000e+04
1.752800000000000000e+04
1.753700000000000000e+04
1.754500000000000000e+04
1.754600000000000000e+04
1.755400000000000000e+04
1.755800000000000000e+04
1.757600000000000000e+04
1.759000000000000000e+04
1.760200000000000000e+04
1.761700000000000000e+04
1.763000000000000000e+04
1.763600000000000000e+04
1.764400000000000000e+04
1.765100000000000000e+04
1.766000000000000000e+04
1.766100000000000000e+04
1.766400000000000000e+04
1.767500000000000000e+04
1.768600000000000000e+04
1.769300000000000000e+04
1.769700000000000000e+04
1.771600000000000000e+04
1.772600000000000000e+04
1.773100000000000000e+04
1.773700000000000000e+04
1.773900000000000000e+04
1.774000000000000000e+04
1.774100000000000000e+04
1.774400000000000000e+04
1.775500000000000000e+04
1.775600000000000000e+04
1.775700000000000000e+04
1.776300000000000000e+04
1.776800000000000000e+04
1.778500000000000000e+04
1.780400000000000000e+04
1.782100000000000000e+04
1.782200000000000000e+04
1.782400000000000000e+04
1.784800000000000000e+04
1.785100000000000000e+04
1.785300000000000000e+04
1.786300000000000000e+04
1.786500000000000000e+04
1.787000000000000000e+04
1.787400000000000000e+04
1.788000000000000000e+04
1.788400000000000000e+04
1.788700000000000000e+04
1.789500000000000000e+04
1.790400000000000000e+04
1.790800000000000000e+04
1.791100000000000000e+04
1.793300000000000000e+04
1.795400000000000000e+04
1.796300000000000000e+04
1.796700000000000000e+04
1.797800000000000000e+04
1.797900000000000000e+04
1.799000000000000000e+04
1.799500000000000000e+04
1.800600000000000000e+04
1.800900000000000000e+04
1.801100000000000000e+04
1.801200000000000000e+04
1.801300000000000000e+04
1.802100000000000000e+04
1.805000000000000000e+04
1.805600000000000000e+04
1.806400000000000000e+04
1.807600000000000000e+04
1.808800000000000000e+04
1.809000000000000000e+04
1.809200000000000000e+04
1.809300000000000000e+04
1.810100000000000000e+04
1.810400000000000000e+04
1.811000000000000000e+04
1.811200000000000000e+04
1.812100000000000000e+04
1.812300000000000000e+04
1.812400000000000000e+04
1.813300000000000000e+04
1.814300000000000000e+04
1.815300000000000000e+04
1.815600000000000000e+04
1.818000000000000000e+04
1.819600000000000000e+04
1.820100000000000000e+04
1.820400000000000000e+04
1.820700000000000000e+04
1.821200000000000000e+04
1.822000000000000000e+04
1.823300000000000000e+04
1.826400000000000000e+04
1.827200000000000000e+04
1.831100000000000000e+04
1.831800000000000000e+04
1.832800000000000000e+04
1.833100000000000000e+04
1.836400000000000000e+04
1.837400000000000000e+04
1.838600000000000000e+04
1.839000000000000000e+04
1.839100000000000000e+04
1.839200000000000000e+04
1.841400000000000000e+04
1.841600000000000000e+04
1.842200000000000000e+04
1.843200000000000000e+04
1.843800000000000000e+04
1.845200000000000000e+04
1.845700000000000000e+04
1.846300000000000000e+04
1.846700000000000000e+04
1.847200000000000000e+04
1.847700000000000000e+04
1.847800000000000000e+04
1.848400000000000000e+04
1.849000000000000000e+04
1.849300000000000000e+04
1.849700000000000000e+04
1.850000000000000000e+04
1.850300000000000000e+04
1.851000000000000000e+04
1.851500000000000000e+04
1.851600000000000000e+04
1.852200000000000000e+04
1.853800000000000000e+04
1.854100000000000000e+04
1.854300000000000000e+04
1.855000000000000000e+04
1.855700000000000000e+04
1.855900000000000000e+04
1.856000000000000000e+04
1.857200000000000000e+04
1.857500000000000000e+04
1.858500000000000000e+04
1.858800000000000000e+04
1.860200000000000000e+04
1.860500000000000000e+04
1.860600000000000000e+04
1.860700000000000000e+04
1.861400000000000000e+04
1.862200000000000000e+04
1.862900000000000000e+04
1.863900000000000000e+04
1.864000000000000000e+04
1.864400000000000000e+04
1.865500000000000000e+04
1.866500000000000000e+04
1.866700000000000000e+04
1.867800000000000000e+04
1.868200000000000000e+04
1.868400000000000000e+04
1.868800000000000000e+04
1.869800000000000000e+04
1.870600000000000000e+04
1.870700000000000000e+04
1.871300000000000000e+04
1.871600000000000000e+04
1.872000000000000000e+04
1.872900000000000000e+04
1.873300000000000000e+04
1.873600000000000000e+04
1.874000000000000000e+04
1.875300000000000000e+04
1.875400000000000000e+04
1.875900000000000000e+04
1.878100000000000000e+04
1.878900000000000000e+04
1.880800000000000000e+04
1.882600000000000000e+04
1.884100000000000000e+04
1.885400000000000000e+04
1.885500000000000000e+04
1.886300000000000000e+04
1.888700000000000000e+04
1.888900000000000000e+04
1.890900000000000000e+04
1.891000000000000000e+04
1.891700000000000000e+04
1.892500000000000000e+04
1.892900000000000000e+04
1.893200000000000000e+04
1.893300000000000000e+04
1.893600000000000000e+04
1.895000000000000000e+04
1.895500000000000000e+04
1.897100000000000000e+04
1.897300000000000000e+04
1.898300000000000000e+04
1.898400000000000000e+04
1.900500000000000000e+04
1.900700000000000000e+04
1.902200000000000000e+04
1.903900000000000000e+04
1.905200000000000000e+04
1.905700000000000000e+04
1.906000000000000000e+04
1.908600000000000000e+04
1.909000000000000000e+04
1.909700000000000000e+04
1.911200000000000000e+04
1.911500000000000000e+04
1.912700000000000000e+04
1.912900000000000000e+04
1.913300000000000000e+04
1.913900000000000000e+04
1.915000000000000000e+04
1.915400000000000000e+04
1.915900000000000000e+04
1.916000000000000000e+04
1.916300000000000000e+04
1.917100000000000000e+04
1.917400000000000000e+04
1.918200000000000000e+04
1.919700000000000000e+04
1.921300000000000000e+04
1.921400000000000000e+04
1.922100000000000000e+04
1.922600000000000000e+04
1.923000000000000000e+04
1.923100000000000000e+04
1.923700000000000000e+04
1.923800000000000000e+04
1.924000000000000000e+04
1.925000000000000000e+04
1.925400000000000000e+04
1.925500000000000000e+04
1.927300000000000000e+04
1.931500000000000000e+04
1.931600000000000000e+04
1.932000000000000000e+04
1.932300000000000000e+04
1.932400000000000000e+04
1.933100000000000000e+04
1.934000000000000000e+04
1.934200000000000000e+04
1.934900000000000000e+04
1.935400000000000000e+04
1.937000000000000000e+04
1.937300000000000000e+04
1.937600000000000000e+04
1.938000000000000000e+04
1.938700000000000000e+04
1.938900000000000000e+04
1.939000000000000000e+04
1.939200000000000000e+04
1.939400000000000000e+04
1.939500000000000000e+04
1.939700000000000000e+04
1.940900000000000000e+04
1.943800000000000000e+04
1.944300000000000000e+04
1.945300000000000000e+04
1.947200000000000000e+04
1.948100000000000000e+04
1.949800000000000000e+04
1.949900000000000000e+04
1.950000000000000000e+04
1.950300000000000000e+04
1.950400000000000000e+04
1.950900000000000000e+04
1.951000000000000000e+04
1.951600000000000000e+04
1.951900000000000000e+04
1.954700000000000000e+04
1.955900000000000000e+04
1.956600000000000000e+04
1.958200000000000000e+04
1.958300000000000000e+04
1.958400000000000000e+04
1.959400000000000000e+04
1.959700000000000000e+04
1.960000000000000000e+04
1.960100000000000000e+04
1.961000000000000000e+04
1.962100000000000000e+04
1.962300000000000000e+04
1.962800000000000000e+04
1.963300000000000000e+04
1.963800000000000000e+04
1.964100000000000000e+04
1.967600000000000000e+04
1.968100000000000000e+04
1.970100000000000000e+04
1.972800000000000000e+04
1.973300000000000000e+04
1.973600000000000000e+04
1.973800000000000000e+04
1.974700000000000000e+04
1.975400000000000000e+04
1.976900000000000000e+04
1.978800000000000000e+04
1.979400000000000000e+04
1.979900000000000000e+04
1.980100000000000000e+04
1.980500000000000000e+04
1.981100000000000000e+04
1.981200000000000000e+04
1.982300000000000000e+04
1.982400000000000000e+04
1.982700000000000000e+04
1.983900000000000000e+04
1.984400000000000000e+04
1.985000000000000000e+04
1.985700000000000000e+04
1.986000000000000000e+04
1.986300000000000000e+04
1.986500000000000000e+04
1.986800000000000000e+04
1.988100000000000000e+04
1.988600000000000000e+04
1.989100000000000000e+04
1.989600000000000000e+04
1.990600000000000000e+04
1.990800000000000000e+04
1.991200000000000000e+04
1.991800000000000000e+04
1.991900000000000000e+04
1.992900000000000000e+04
1.993300000000000000e+04
1.994900000000000000e+04
1.995300000000000000e+04
1.996100000000000000e+04
1.997000000000000000e+04
1.997900000000000000e+04
1.998300000000000000e+04
1.999100000000000000e+04
2.001200000000000000e+04
2.001500000000000000e+04
2.002700000000000000e+04
2.004200000000000000e+04
2.004600000000000000e+04
2.005700000000000000e+04
2.006200000000000000e+04
2.006500000000000000e+04
2.006600000000000000e+04
2.006700000000000000e+04
2.007200000000000000e+04
2.007300000000000000e+04
2.008700000000000000e+04
2.009400000000000000e+04
2.009700000000000000e+04
2.009900000000000000e+04
2.011600000000000000e+04
2.013000000000000000e+04
2.013200000000000000e+04
2.013800000000000000e+04
2.015100000000000000e+04
2.015600000000000000e+04
2.015700000000000000e+04
2.016100000000000000e+04
2.017100000000000000e+04
2.019400000000000000e+04
2.020400000000000000e+04
2.020700000000000000e+04
2.022400000000000000e+04
2.022600000000000000e+04
2.023100000000000000e+04
2.023700000000000000e+04
2.025500000000000000e+04
2.026300000000000000e+04
2.027500000000000000e+04
2.027700000000000000e+04
2.027800000000000000e+04
2.028600000000000000e+04
2.030800000000000000e+04
2.031000000000000000e+04
2.032400000000000000e+04
2.032500000000000000e+04
2.032700000000000000e+04
2.032800000000000000e+04
2.033300000000000000e+04
2.034000000000000000e+04
2.035000000000000000e+04
2.036800000000000000e+04
2.037200000000000000e+04
2.037600000000000000e+04
2.037900000000000000e+04
2.038300000000000000e+04
2.038700000000000000e+04
2.039300000000000000e+04
2.039600000000000000e+04
2.039800000000000000e+04
2.040100000000000000e+04
2.040300000000000000e+04
2.041400000000000000e+04
2.041600000000000000e+04
2.043200000000000000e+04
2.043400000000000000e+04
2.044000000000000000e+04
2.044100000000000000e+04
2.045000000000000000e+04
2.045400000000000000e+04
2.045800000000000000e+04
2.046200000000000000e+04
2.046400000000000000e+04
2.049200000000000000e+04
2.049800000000000000e+04
2.050900000000000000e+04
2.051100000000000000e+04
2.051200000000000000e+04
2.051400000000000000e+04
2.051800000000000000e+04
2.052300000000000000e+04
2.053000000000000000e+04
2.054500000000000000e+04
2.055100000000000000e+04
2.055500000000000000e+04
2.057300000000000000e+04
2.057700000000000000e+04
2.058500000000000000e+04
2.058900000000000000e+04
2.059400000000000000e+04
2.060400000000000000e+04
2.061300000000000000e+04
2.062000000000000000e+04
2.062100000000000000e+04
2.062700000000000000e+04
2.063200000000000000e+04
2.063500000000000000e+04
2.064800000000000000e+04
2.064900000000000000e+04
2.065000000000000000e+04
2.065700000000000000e+04
2.065800000000000000e+04
2.066100000000000000e+04
2.066800000000000000e+04
2.067300000000000000e+04
2.067800000000000000e+04
2.069400000000000000e+04
2.070100000000000000e+04
2.070300000000000000e+04
2.070800000000000000e+04
2.071500000000000000e+04
2.071600000000000000e+04
2.071900000000000000e+04
2.072000000000000000e+04
2.072700000000000000e+04
2.073400000000000000e+04
2.073500000000000000e+04
2.073700000000000000e+04
2.074000000000000000e+04
2.074100000000000000e+04
2.075000000000000000e+04
2.075300000000000000e+04
2.076300000000000000e+04
2.076400000000000000e+04
2.077700000000000000e+04
2.078500000000000000e+04
2.081100000000000000e+04
2.081600000000000000e+04
2.082400000000000000e+04
2.082700000000000000e+04
2.083000000000000000e+04
2.083500000000000000e+04
2.085000000000000000e+04
2.086000000000000000e+04
2.087300000000000000e+04
2.087700000000000000e+04
2.088200000000000000e+04
2.089100000000000000e+04
2.090100000000000000e+04
2.090500000000000000e+04
2.091600000000000000e+04
2.092400000000000000e+04
2.093000000000000000e+04
2.093700000000000000e+04
2.094500000000000000e+04
2.094700000000000000e+04
2.095200000000000000e+04
2.096300000000000000e+04
2.096400000000000000e+04
2.097800000000000000e+04
2.098300000000000000e+04
2.099300000000000000e+04
2.099800000000000000e+04
2.101000000000000000e+04
2.101500000000000000e+04
2.102300000000000000e+04
2.102900000000000000e+04
2.103900000000000000e+04
2.104000000000000000e+04
2.104200000000000000e+04
2.104600000000000000e+04
2.107300000000000000e+04
2.107800000000000000e+04
2.108900000000000000e+04
2.109200000000000000e+04
2.109300000000000000e+04
2.109800000000000000e+04
2.110100000000000000e+04
2.110400000000000000e+04
2.111200000000000000e+04
2.112100000000000000e+04
2.112900000000000000e+04
2.114700000000000000e+04
2.115600000000000000e+04
2.116100000000000000e+04
2.116300000000000000e+04
2.117000000000000000e+04
2.118400000000000000e+04
2.119200000000000000e+04
2.119800000000000000e+04
2.120000000000000000e+04
2.121800000000000000e+04
2.122100000000000000e+04
2.122300000000000000e+04
2.123900000000000000e+04
2.125500000000000000e+04
2.125600000000000000e+04
2.125700000000000000e+04
2.126400000000000000e+04
2.127100000000000000e+04
2.127700000000000000e+04
2.129300000000000000e+04
2.129900000000000000e+04
2.130200000000000000e+04
2.130600000000000000e+04
2.130900000000000000e+04
2.131500000000000000e+04
2.132100000000000000e+04
2.133700000000000000e+04
2.133800000000000000e+04
2.133900000000000000e+04
2.134300000000000000e+04
2.134400000000000000e+04
2.134600000000000000e+04
2.135400000000000000e+04
2.135500000000000000e+04
2.136100000000000000e+04
2.136300000000000000e+04
2.137000000000000000e+04
2.137200000000000000e+04
2.138500000000000000e+04
2.139400000000000000e+04
2.140400000000000000e+04
2.140600000000000000e+04
2.142400000000000000e+04
2.143100000000000000e+04
2.144400000000000000e+04
2.144600000000000000e+04
2.145300000000000000e+04
2.147400000000000000e+04
2.149000000000000000e+04
2.149300000000000000e+04
2.150100000000000000e+04
2.150200000000000000e+04
2.150900000000000000e+04
2.151100000000000000e+04
2.151200000000000000e+04
2.151300000000000000e+04
2.151700000000000000e+04
2.151900000000000000e+04
2.152000000000000000e+04
2.152200000000000000e+04
2.154100000000000000e+04
2.154900000000000000e+04
2.155200000000000000e+04
2.156600000000000000e+04
2.158000000000000000e+04
2.158900000000000000e+04
2.159300000000000000e+04
2.159500000000000000e+04
2.159700000000000000e+04
2.159800000000000000e+04
2.160300000000000000e+04
2.160800000000000000e+04
2.161100000000000000e+04
2.161200000000000000e+04
2.161400000000000000e+04
2.162300000000000000e+04
2.162600000000000000e+04
2.164300000000000000e+04
2.164500000000000000e+04
2.164600000000000000e+04
2.164700000000000000e+04
2.168500000000000000e+04
2.168700000000000000e+04
2.168800000000000000e+04
2.169900000000000000e+04
2.172100000000000000e+04
2.172500000000000000e+04
2.173200000000000000e+04
2.173300000000000000e+04
2.173900000000000000e+04
2.174900000000000000e+04
2.177100000000000000e+04
2.179000000000000000e+04
2.179200000000000000e+04
2.180900000000000000e+04
2.181500000000000000e+04
2.181800000000000000e+04
2.182300000000000000e+04
2.183100000000000000e+04
2.183700000000000000e+04
2.183900000000000000e+04
2.184000000000000000e+04
2.186000000000000000e+04
2.186900000000000000e+04
2.187400000000000000e+04
2.187500000000000000e+04
2.188100000000000000e+04
2.188500000000000000e+04
2.189100000000000000e+04
2.189600000000000000e+04
2.190600000000000000e+04
2.191000000000000000e+04
2.191400000000000000e+04
2.194600000000000000e+04
2.194700000000000000e+04
2.194800000000000000e+04
2.194900000000000000e+04
2.195200000000000000e+04
2.195600000000000000e+04
2.196400000000000000e+04
2.197100000000000000e+04
2.197200000000000000e+04
2.198000000000000000e+04
2.198800000000000000e+04
2.200400000000000000e+04
2.200900000000000000e+04
2.202100000000000000e+04
2.203100000000000000e+04
2.204000000000000000e+04
2.204300000000000000e+04
2.204400000000000000e+04
2.205000000000000000e+04
2.205200000000000000e+04
2.206900000000000000e+04
2.207700000000000000e+04
2.208100000000000000e+04
2.208400000000000000e+04
2.210300000000000000e+04
2.210900000000000000e+04
2.211900000000000000e+04
2.212700000000000000e+04
2.212800000000000000e+04
2.212900000000000000e+04
2.213300000000000000e+04
2.214300000000000000e+04
2.215000000000000000e+04
2.216000000000000000e+04
2.216700000000000000e+04
2.217400000000000000e+04
2.217700000000000000e+04
2.217800000000000000e+04
2.218300000000000000e+04
2.219100000000000000e+04
2.220200000000000000e+04
2.220900000000000000e+04
2.221300000000000000e+04
2.222600000000000000e+04
2.223000000000000000e+04
2.223700000000000000e+04
2.224200000000000000e+04
2.224600000000000000e+04
2.225000000000000000e+04
2.225300000000000000e+04
2.225700000000000000e+04
2.225800000000000000e+04
2.225900000000000000e+04
2.226900000000000000e+04
2.227100000000000000e+04
2.227800000000000000e+04
2.229700000000000000e+04
2.231000000000000000e+04
2.231400000000000000e+04
2.233100000000000000e+04
2.233200000000000000e+04
2.234000000000000000e+04
2.234100000000000000e+04
2.234800000000000000e+04
2.234900000000000000e+04
2.235200000000000000e+04
2.240900000000000000e+04
2.241000000000000000e+04
2.242200000000000000e+04
2.242300000000000000e+04
2.244200000000000000e+04
2.244600000000000000e+04
2.245200000000000000e+04
2.245400000000000000e+04
2.246200000000000000e+04
2.247200000000000000e+04
2.247400000000000000e+04
2.247600000000000000e+04
2.248000000000000000e+04
2.249300000000000000e+04
2.250500000000000000e+04
2.251500000000000000e+04
2.251600000000000000e+04
2.251800000000000000e+04
2.252000000000000000e+04
2.252300000000000000e+04
2.253000000000000000e+04
2.253100000000000000e+04
2.253500000000000000e+04
2.253600000000000000e+04
2.255600000000000000e+04
2.256500000000000000e+04
2.256600000000000000e+04
2.257200000000000000e+04
2.258000000000000000e+04
2.258400000000000000e+04
2.258700000000000000e+04
2.259000000000000000e+04
2.259100000000000000e+04
2.259300000000000000e+04
2.260200000000000000e+04
2.260700000000000000e+04
2.263000000000000000e+04
2.263200000000000000e+04
2.263400000000000000e+04
2.263800000000000000e+04
2.263900000000000000e+04
2.264300000000000000e+04
2.265200000000000000e+04
2.266700000000000000e+04
2.266800000000000000e+04
2.266900000000000000e+04
2.268500000000000000e+04
2.270400000000000000e+04
2.271200000000000000e+04
2.273400000000000000e+04
2.273800000000000000e+04
2.274300000000000000e+04
2.275100000000000000e+04
2.276100000000000000e+04
2.276300000000000000e+04
2.276400000000000000e+04
2.276900000000000000e+04
2.277500000000000000e+04
2.277800000000000000e+04
2.278200000000000000e+04
2.278800000000000000e+04
2.279200000000000000e+04
2.279600000000000000e+04
2.281400000000000000e+04
2.281800000000000000e+04
2.283100000000000000e+04
2.283300000000000000e+04
2.283700000000000000e+04
2.284500000000000000e+04
2.285900000000000000e+04
2.286600000000000000e+04
2.287000000000000000e+04
2.288900000000000000e+04
2.289800000000000000e+04
2.290100000000000000e+04
2.290300000000000000e+04
2.292300000000000000e+04
2.292600000000000000e+04
2.293700000000000000e+04
2.294000000000000000e+04
2.294600000000000000e+04
2.295700000000000000e+04
2.296200000000000000e+04
2.298900000000000000e+04
2.299000000000000000e+04
2.299300000000000000e+04
2.300000000000000000e+04
2.300600000000000000e+04
2.300800000000000000e+04
2.301100000000000000e+04
2.301900000000000000e+04
2.302800000000000000e+04
2.302900000000000000e+04
2.303300000000000000e+04
2.303700000000000000e+04
2.304500000000000000e+04
2.304700000000000000e+04
2.304900000000000000e+04
2.305200000000000000e+04
2.306700000000000000e+04
2.310100000000000000e+04
2.310700000000000000e+04
2.311100000000000000e+04
2.311500000000000000e+04
2.312100000000000000e+04
2.312700000000000000e+04
2.314000000000000000e+04
2.314300000000000000e+04
2.314800000000000000e+04
2.314900000000000000e+04
2.315000000000000000e+04
2.315100000000000000e+04
2.315300000000000000e+04
2.319500000000000000e+04
2.322700000000000000e+04
2.324200000000000000e+04
2.324900000000000000e+04
2.326000000000000000e+04
2.326600000000000000e+04
2.326900000000000000e+04
2.327100000000000000e+04
2.327400000000000000e+04
2.327500000000000000e+04
2.328100000000000000e+04
2.328500000000000000e+04
2.328600000000000000e+04
2.328800000000000000e+04
2.329000000000000000e+04
2.330600000000000000e+04
2.330800000000000000e+04
2.331300000000000000e+04
2.331700000000000000e+04
2.332300000000000000e+04
2.332400000000000000e+04
2.332500000000000000e+04
2.333400000000000000e+04
2.334400000000000000e+04
2.335000000000000000e+04
2.335400000000000000e+04
2.335900000000000000e+04
2.336300000000000000e+04
2.337300000000000000e+04
2.338200000000000000e+04
2.338700000000000000e+04
2.338900000000000000e+04
2.340000000000000000e+04
2.340800000000000000e+04
2.341200000000000000e+04
2.342000000000000000e+04
2.343600000000000000e+04
2.344300000000000000e+04
2.344500000000000000e+04
2.344700000000000000e+04
2.344900000000000000e+04
2.345200000000000000e+04
2.345700000000000000e+04
2.346200000000000000e+04
2.346700000000000000e+04
2.347500000000000000e+04
2.347800000000000000e+04
2.348500000000000000e+04
2.349100000000000000e+04
2.350100000000000000e+04
2.350300000000000000e+04
2.350500000000000000e+04
2.352400000000000000e+04
2.353500000000000000e+04
2.353800000000000000e+04
2.354000000000000000e+04
2.354100000000000000e+04
2.356400000000000000e+04
2.356500000000000000e+04
2.358500000000000000e+04
2.358800000000000000e+04
2.358900000000000000e+04
2.360300000000000000e+04
2.361000000000000000e+04
2.362000000000000000e+04
2.364900000000000000e+04
2.366100000000000000e+04
2.366200000000000000e+04
2.366600000000000000e+04
2.366900000000000000e+04
2.367000000000000000e+04
2.367600000000000000e+04
2.368200000000000000e+04
2.370600000000000000e+04
2.371700000000000000e+04
2.372400000000000000e+04
2.373600000000000000e+04
2.376500000000000000e+04
2.377400000000000000e+04
2.378300000000000000e+04
2.379900000000000000e+04
2.381100000000000000e+04
2.382000000000000000e+04
2.382600000000000000e+04
2.383200000000000000e+04
2.384800000000000000e+04
2.385000000000000000e+04
2.385600000000000000e+04
2.385900000000000000e+04
2.386000000000000000e+04
2.386100000000000000e+04
2.386900000000000000e+04
2.387000000000000000e+04
2.388000000000000000e+04
2.388100000000000000e+04
2.389000000000000000e+04
2.390100000000000000e+04
2.390600000000000000e+04
2.391100000000000000e+04
2.392600000000000000e+04
2.392700000000000000e+04
2.393600000000000000e+04
2.395000000000000000e+04
2.395200000000000000e+04
2.395600000000000000e+04
2.395900000000000000e+04
2.396100000000000000e+04
2.396500000000000000e+04
2.397400000000000000e+04
2.397800000000000000e+04
2.398300000000000000e+04
2.398700000000000000e+04
2.399300000000000000e+04
2.400100000000000000e+04
2.400300000000000000e+04
2.400400000000000000e+04
2.401700000000000000e+04
2.402400000000000000e+04
2.402900000000000000e+04
2.403300000000000000e+04
2.403900000000000000e+04
2.404300000000000000e+04
2.405100000000000000e+04
2.406000000000000000e+04
2.407200000000000000e+04
2.409000000000000000e+04
2.409100000000000000e+04
2.410300000000000000e+04
2.410500000000000000e+04
2.411200000000000000e+04
2.411600000000000000e+04
2.413000000000000000e+04
2.414000000000000000e+04
2.414100000000000000e+04
2.414400000000000000e+04
2.415200000000000000e+04
2.415600000000000000e+04
2.415900000000000000e+04
2.419700000000000000e+04
2.419800000000000000e+04
2.419900000000000000e+04
2.420000000000000000e+04
2.420900000000000000e+04
2.423300000000000000e+04
2.425200000000000000e+04
2.426400000000000000e+04
2.426500000000000000e+04
2.427700000000000000e+04
2.428200000000000000e+04
2.429000000000000000e+04
2.431500000000000000e+04
2.432300000000000000e+04
2.432700000000000000e+04
2.434500000000000000e+04
2.434900000000000000e+04
2.435500000000000000e+04
2.436600000000000000e+04
2.437200000000000000e+04
2.440000000000000000e+04
2.440600000000000000e+04
2.440900000000000000e+04
2.441200000000000000e+04
2.441500000000000000e+04
2.442800000000000000e+04
2.443400000000000000e+04
2.444300000000000000e+04
2.444700000000000000e+04
2.445000000000000000e+04
2.445600000000000000e+04
2.446600000000000000e+04
2.447100000000000000e+04
2.447200000000000000e+04
2.447700000000000000e+04
2.448000000000000000e+04
2.448100000000000000e+04
2.448700000000000000e+04
2.449100000000000000e+04
2.450100000000000000e+04
2.450600000000000000e+04
2.450700000000000000e+04
2.451700000000000000e+04
2.452100000000000000e+04
2.452600000000000000e+04
2.453600000000000000e+04
2.454800000000000000e+04
2.456300000000000000e+04
2.459200000000000000e+04
2.461900000000000000e+04
2.462900000000000000e+04
2.463900000000000000e+04
2.464100000000000000e+04
2.466900000000000000e+04
2.467600000000000000e+04
2.467900000000000000e+04
2.468000000000000000e+04
2.469400000000000000e+04
2.469600000000000000e+04
2.470600000000000000e+04
2.471100000000000000e+04
2.471200000000000000e+04
2.472700000000000000e+04
2.473000000000000000e+04
2.473600000000000000e+04
2.473700000000000000e+04
2.473800000000000000e+04
2.474100000000000000e+04
2.474800000000000000e+04
2.475100000000000000e+04
2.475400000000000000e+04
2.476000000000000000e+04
2.476200000000000000e+04
2.477100000000000000e+04
2.477400000000000000e+04
2.479100000000000000e+04
2.479300000000000000e+04
2.479500000000000000e+04
2.479700000000000000e+04
2.480000000000000000e+04
2.480100000000000000e+04
2.481200000000000000e+04
2.481900000000000000e+04
2.482300000000000000e+04
2.485200000000000000e+04
2.486900000000000000e+04
2.487100000000000000e+04
2.487400000000000000e+04
2.488100000000000000e+04
2.488200000000000000e+04
2.494100000000000000e+04
2.494800000000000000e+04
2.495000000000000000e+04
2.495100000000000000e+04
2.495200000000000000e+04
2.495600000000000000e+04
2.496300000000000000e+04
2.496600000000000000e+04
2.497700000000000000e+04
2.501000000000000000e+04
2.501500000000000000e+04
2.502300000000000000e+04
2.502400000000000000e+04
2.502600000000000000e+04
2.503800000000000000e+04
2.504000000000000000e+04
2.504200000000000000e+04
2.504800000000000000e+04
2.505500000000000000e+04
2.506700000000000000e+04
2.508500000000000000e+04
2.509600000000000000e+04
2.509900000000000000e+04
2.512200000000000000e+04
2.513600000000000000e+04
2.514200000000000000e+04
2.514900000000000000e+04
2.515000000000000000e+04
2.515900000000000000e+04
2.516300000000000000e+04
2.517600000000000000e+04
2.518100000000000000e+04
2.518200000000000000e+04
2.518400000000000000e+04
2.519200000000000000e+04
2.521100000000000000e+04
2.521200000000000000e+04
2.522400000000000000e+04
2.522500000000000000e+04
2.522600000000000000e+04
2.523000000000000000e+04
2.523300000000000000e+04
2.523500000000000000e+04
2.523700000000000000e+04
2.525200000000000000e+04
2.526200000000000000e+04
2.528200000000000000e+04
2.528300000000000000e+04
2.528800000000000000e+04
2.530100000000000000e+04
2.531200000000000000e+04
2.531800000000000000e+04
2.532600000000000000e+04
2.532900000000000000e+04
2.533100000000000000e+04
2.535000000000000000e+04
2.535400000000000000e+04
2.535600000000000000e+04
2.535700000000000000e+04
2.535900000000000000e+04
2.536600000000000000e+04
2.537800000000000000e+04
2.538500000000000000e+04
2.538600000000000000e+04
2.539200000000000000e+04
2.541400000000000000e+04
2.542200000000000000e+04
2.542300000000000000e+04
2.542700000000000000e+04
2.543200000000000000e+04
2.543700000000000000e+04
2.543900000000000000e+04
2.544000000000000000e+04
2.544400000000000000e+04
2.544800000000000000e+04
2.546400000000000000e+04
2.546700000000000000e+04
2.547400000000000000e+04
2.548100000000000000e+04
2.549700000000000000e+04
2.550100000000000000e+04
2.550500000000000000e+04
2.552200000000000000e+04
2.552400000000000000e+04
2.552800000000000000e+04
2.552900000000000000e+04
2.553600000000000000e+04
2.553800000000000000e+04
2.554500000000000000e+04
2.556100000000000000e+04
2.556600000000000000e+04
2.556900000000000000e+04
2.557300000000000000e+04
2.558100000000000000e+04
2.558700000000000000e+04
2.559000000000000000e+04
2.559600000000000000e+04
2.560000000000000000e+04
2.561300000000000000e+04
2.562400000000000000e+04
2.562600000000000000e+04
2.564400000000000000e+04
2.564600000000000000e+04
2.565100000000000000e+04
2.566100000000000000e+04
2.566300000000000000e+04
2.567300000000000000e+04
2.568700000000000000e+04
2.569000000000000000e+04
2.569500000000000000e+04
2.569900000000000000e+04
2.570300000000000000e+04
2.570500000000000000e+04
2.570600000000000000e+04
2.571900000000000000e+04
2.572300000000000000e+04
2.573200000000000000e+04
2.574400000000000000e+04
2.575200000000000000e+04
2.576400000000000000e+04
2.576600000000000000e+04
2.577100000000000000e+04
2.577400000000000000e+04
2.578100000000000000e+04
2.579300000000000000e+04
2.580000000000000000e+04
2.580200000000000000e+04
2.580600000000000000e+04
2.581000000000000000e+04
2.581500000000000000e+04
2.582200000000000000e+04
2.582500000000000000e+04
2.583600000000000000e+04
2.584400000000000000e+04
2.584500000000000000e+04
2.585600000000000000e+04
2.587000000000000000e+04
2.587100000000000000e+04
2.587200000000000000e+04
2.587400000000000000e+04
2.587600000000000000e+04
2.587800000000000000e+04
2.588100000000000000e+04
2.588300000000000000e+04
2.589200000000000000e+04
2.590400000000000000e+04
2.591500000000000000e+04
2.592300000000000000e+04
2.592700000000000000e+04
2.594200000000000000e+04
2.595700000000000000e+04
2.595800000000000000e+04
2.595900000000000000e+04
2.596600000000000000e+04
2.597000000000000000e+04
2.598800000000000000e+04
2.599400000000000000e+04
2.600000000000000000e+04
2.601000000000000000e+04
2.603200000000000000e+04
2.604100000000000000e+04
2.605300000000000000e+04
2.606800000000000000e+04
2.608000000000000000e+04
2.609600000000000000e+04
2.610300000000000000e+04
2.611400000000000000e+04
2.612800000000000000e+04
2.613000000000000000e+04
2.615700000000000000e+04
2.618000000000000000e+04
2.618100000000000000e+04
2.618300000000000000e+04
2.619300000000000000e+04
2.619400000000000000e+04
2.619500000000000000e+04
2.619700000000000000e+04
2.619800000000000000e+04
2.620500000000000000e+04
2.622900000000000000e+04
2.623500000000000000e+04
2.623900000000000000e+04
2.624700000000000000e+04
2.625500000000000000e+04
2.626300000000000000e+04
2.626400000000000000e+04
2.626600000000000000e+04
2.627100000000000000e+04
2.627500000000000000e+04
2.628300000000000000e+04
2.628500000000000000e+04
2.629700000000000000e+04
2.630800000000000000e+04
2.632300000000000000e+04
2.632900000000000000e+04
2.633100000000000000e+04
2.634700000000000000e+04
2.636200000000000000e+04
2.637000000000000000e+04
2.637500000000000000e+04
2.638100000000000000e+04
2.639500000000000000e+04
2.639900000000000000e+04
2.640400000000000000e+04
2.640500000000000000e+04
2.641000000000000000e+04
2.641300000000000000e+04
2.641700000000000000e+04
2.643100000000000000e+04
2.643600000000000000e+04
2.644600000000000000e+04
2.645000000000000000e+04
2.645800000000000000e+04
2.646400000000000000e+04
2.647400000000000000e+04
2.648200000000000000e+04
2.648900000000000000e+04
2.650900000000000000e+04
2.651300000000000000e+04
2.651800000000000000e+04
2.652100000000000000e+04
2.652500000000000000e+04
2.653200000000000000e+04
2.653900000000000000e+04
2.654600000000000000e+04
2.655400000000000000e+04
2.656900000000000000e+04
2.658400000000000000e+04
2.659400000000000000e+04
2.661200000000000000e+04
2.661500000000000000e+04
2.662800000000000000e+04
2.663100000000000000e+04
2.663300000000000000e+04
2.663400000000000000e+04
2.663600000000000000e+04
2.664600000000000000e+04
2.665600000000000000e+04
2.666300000000000000e+04
2.666500000000000000e+04
2.667700000000000000e+04
2.668400000000000000e+04
2.668900000000000000e+04
2.669500000000000000e+04
2.669900000000000000e+04
2.671400000000000000e+04
2.671800000000000000e+04
2.672200000000000000e+04
2.672600000000000000e+04
2.672900000000000000e+04
2.673300000000000000e+04
2.674400000000000000e+04
2.674500000000000000e+04
2.674900000000000000e+04
2.675600000000000000e+04
2.676500000000000000e+04
2.677200000000000000e+04
2.677500000000000000e+04
2.679300000000000000e+04
2.679400000000000000e+04
2.679600000000000000e+04
2.679900000000000000e+04
2.680200000000000000e+04
2.681000000000000000e+04
2.681100000000000000e+04
2.681500000000000000e+04
2.682200000000000000e+04
2.683200000000000000e+04
2.685300000000000000e+04
2.685900000000000000e+04
2.686300000000000000e+04
2.690900000000000000e+04
2.693200000000000000e+04
2.694500000000000000e+04
2.695600000000000000e+04
2.696300000000000000e+04
2.697400000000000000e+04
2.697700000000000000e+04
2.698100000000000000e+04
2.698200000000000000e+04
2.698400000000000000e+04
2.700100000000000000e+04
2.702000000000000000e+04
2.702200000000000000e+04
2.703300000000000000e+04
2.703400000000000000e+04
2.703900000000000000e+04
2.704800000000000000e+04
2.705100000000000000e+04
2.705200000000000000e+04
