2.000000000000000000e+00
3.000000000000000000e+00
6.000000000000000000e+00
1.100000000000000000e+01
2.100000000000000000e+01
3.100000000000000000e+01
3.900000000000000000e+01
4.800000000000000000e+01
4.900000000000000000e+01
8.300000000000000000e+01
1.030000000000000000e+02
1.090000000000000000e+02
1.190000000000000000e+02
1.230000000000000000e+02
1.240000000000000000e+02
1.260000000000000000e+02
1.300000000000000000e+02
1.310000000000000000e+02
1.320000000000000000e+02
1.350000000000000000e+02
1.380000000000000000e+02
1.560000000000000000e+02
1.910000000000000000e+02
1.930000000000000000e+02
1.970000000000000000e+02
2.280000000000000000e+02
2.370000000000000000e+02
2.460000000000000000e+02
2.490000000000000000e+02
2.540000000000000000e+02
2.700000000000000000e+02
1.820100000000000000e+04
1.820400000000000000e+04
1.820700000000000000e+04
1.821200000000000000e+04
1.822000000000000000e+04
1.823300000000000000e+04
1.826400000000000000e+04
1.827200000000000000e+04
1.831100000000000000e+04
1.831800000000000000e+04
1.832800000000000000e+04
1.833100000000000000e+04
1.836400000000000000e+04
1.837400000000000000e+04
1.838600000000000000e+04
1.839000000000000000e+04
1.839100000000000000e+04
1.839200000000000000e+04
1.841400000000000000e+04
1.841600000000000000e+04
1.842200000000000000e+04
1.843200000000000000e+04
1.843800000000000000e+04
1.845200000000000000e+04
1.845700000000000000e+04
1.846300000000000000e+04
1.846700000000000000e+04
1.847200000000000000e+04
1.847700000000000000e+04
1.847800000000000000e+04
1.848400000000000000e+04
1.849000000000000000e+04
1.849300000000000000e+04
1.849700000000000000e+04
1.850000000000000000e+04
1.850300000000000000e+04
1.851000000000000000e+04
1.851500000000000000e+04
1.851600000000000000e+04
1.852200000000000000e+04
1.853800000000000000e+04
1.854100000000000000e+04
1.854300000000000000e+04
1.855000000000000000e+04
1.855700000000000000e+04
1.855900000000000000e+04
1.856000000000000000e+04
1.857200000000000000e+04
1.857500000000000000e+04
1.858500000000000000e+04
1.858800000000000000e+04
1.860200000000000000e+04
1.860500000000000000e+04
1.860600000000000000e+04
1.860700000000000000e+04
1.861400000000000000e+04
1.862200000000000000e+04
1.862900000000000000e+04
1.863900000000000000e+04
1.864000000000000000e+04
1.864400000000000000e+04
1.865500000000000000e+04
1.866500000000000000e+04
1.866700000000000000e+04
1.867800000000000000e+04
1.868200000000000000e+04
1.868400000000000000e+04
1.868800000000000000e+04
1.869800000000000000e+04
1.870600000000000000e+04
1.870700000000000000e+04
1.871300000000000000e+04
1.871600000000000000e+04
1.872000000000000000e+04
1.872900000000000000e+04
1.873300000000000000e+04
1.873600000000000000e+04
1.874000000000000000e+04
1.875300000000000000e+04
1.875400000000000000e+04
1.875900000000000000e+04
1.878100000000000000e+04
1.878900000000000000e+04
1.880800000000000000e+04
1.882600000000000000e+04
1.884100000000000000e+04
1.885400000000000000e+04
1.885500000000000000e+04
1.886300000000000000e+04
1.888700000000000000e+04
1.888900000000000000e+04
1.890900000000000000e+04
1.891000000000000000e+04
1.891700000000000000e+04
1.892500000000000000e+04
1.892900000000000000e+04
1.893200000000000000e+04
1.893300000000000000e+04
1.893600000000000000e+04
1.895000000000000000e+04
1.895500000000000000e+04
1.897100000000000000e+04
1.897300000000000000e+04
1.898300000000000000e+04
1.898400000000000000e+04
1.900500000000000000e+04
1.900700000000000000e+04
1.902200000000000000e+04
1.903900000000000000e+04
1.905200000000000000e+04
1.905700000000000000e+04
1.906000000000000000e+04
1.908600000000000000e+04
1.909000000000000000e+04
1.909700000000000000e+04
1.911200000000000000e+04
1.911500000000000000e+04
1.912700000000000000e+04
1.912900000000000000e+04
1.913300000000000000e+04
1.913900000000000000e+04
1.915000000000000000e+04
1.915400000000000000e+04
1.915900000000000000e+04
1.916000000000000000e+04
1.916300000000000000e+04
1.917100000000000000e+04
1.917400000000000000e+04
1.918200000000000000e+04
1.919700000000000000e+04
1.921300000000000000e+04
1.921400000000000000e+04
1.922100000000000000e+04
1.922600000000000000e+04
1.923000000000000000e+04
1.923100000000000000e+04
1.923700000000000000e+04
1.923800000000000000e+04
1.924000000000000000e+04
1.925000000000000000e+04
1.925400000000000000e+04
1.925500000000000000e+04
1.927300000000000000e+04
1.931500000000000000e+04
1.931600000000000000e+04
1.932000000000000000e+04
1.932300000000000000e+04
1.932400000000000000e+04
1.933100000000000000e+04
1.934000000000000000e+04
1.934200000000000000e+04
1.934900000000000000e+04
1.935400000000000000e+04
1.937000000000000000e+04
1.937300000000000000e+04
1.937600000000000000e+04
1.938000000000000000e+04
1.938700000000000000e+04
1.938900000000000000e+04
1.939000000000000000e+04
1.939200000000000000e+04
1.939400000000000000e+04
1.939500000000000000e+04
1.939700000000000000e+04
1.940900000000000000e+04
1.943800000000000000e+04
1.944300000000000000e+04
1.945300000000000000e+04
1.947200000000000000e+04
1.948100000000000000e+04
1.949800000000000000e+04
1.949900000000000000e+04
1.950000000000000000e+04
1.950300000000000000e+04
1.950400000000000000e+04
1.950900000000000000e+04
1.951000000000000000e+04
1.951600000000000000e+04
1.951900000000000000e+04
1.954700000000000000e+04
1.955900000000000000e+04
1.956600000000000000e+04
1.958200000000000000e+04
1.958300000000000000e+04
1.958400000000000000e+04
1.959400000000000000e+04
1.959700000000000000e+04
1.960000000000000000e+04
1.960100000000000000e+04
1.961000000000000000e+04
1.962100000000000000e+04
1.962300000000000000e+04
1.962800000000000000e+04
1.963300000000000000e+04
1.963800000000000000e+04
1.964100000000000000e+04
1.967600000000000000e+04
1.968100000000000000e+04
1.970100000000000000e+04
1.972800000000000000e+04
1.973300000000000000e+04
1.973600000000000000e+04
1.973800000000000000e+04
1.974700000000000000e+04
1.975400000000000000e+04
1.976900000000000000e+04
1.978800000000000000e+04
1.979400000000000000e+04
1.979900000000000000e+04
1.980100000000000000e+04
1.980500000000000000e+04
1.981100000000000000e+04
1.981200000000000000e+04
1.982300000000000000e+04
1.982400000000000000e+04
1.982700000000000000e+04
1.983900000000000000e+04
1.984400000000000000e+04
1.985000000000000000e+04
1.985700000000000000e+04
1.986000000000000000e+04
1.986300000000000000e+04
1.986500000000000000e+04
1.986800000000000000e+04
1.988100000000000000e+04
1.988600000000000000e+04
1.989100000000000000e+04
1.989600000000000000e+04
1.990600000000000000e+04
1.990800000000000000e+04
1.991200000000000000e+04
1.991800000000000000e+04
1.991900000000000000e+04
1.992900000000000000e+04
1.993300000000000000e+04
1.994900000000000000e+04
1.995300000000000000e+04
1.996100000000000000e+04
1.997000000000000000e+04
1.997900000000000000e+04
1.998300000000000000e+04
1.999100000000000000e+04
2.001200000000000000e+04
2.001500000000000000e+04
2.002700000000000000e+04
2.004200000000000000e+04
2.004600000000000000e+04
2.005700000000000000e+04
2.006200000000000000e+04
2.006500000000000000e+04
2.006600000000000000e+04
2.006700000000000000e+04
2.007200000000000000e+04
2.007300000000000000e+04
2.008700000000000000e+04
2.009400000000000000e+04
2.009700000000000000e+04
2.009900000000000000e+04
2.011600000000000000e+04
2.013000000000000000e+04
2.013200000000000000e+04
2.013800000000000000e+04
2.015100000000000000e+04
2.015600000000000000e+04
2.015700000000000000e+04
2.016100000000000000e+04
2.017100000000000000e+04
2.019400000000000000e+04
2.020400000000000000e+04
2.020700000000000000e+04
2.022400000000000000e+04
2.022600000000000000e+04
2.023100000000000000e+04
2.023700000000000000e+04
2.025500000000000000e+04
2.026300000000000000e+04
2.027500000000000000e+04
2.027700000000000000e+04
2.027800000000000000e+04
2.028600000000000000e+04
2.030800000000000000e+04
2.031000000000000000e+04
2.032400000000000000e+04
2.032500000000000000e+04
2.032700000000000000e+04
2.032800000000000000e+04
2.033300000000000000e+04
2.034000000000000000e+04
2.035000000000000000e+04
2.036800000000000000e+04
2.037200000000000000e+04
2.037600000000000000e+04
2.037900000000000000e+04
2.038300000000000000e+04
2.038700000000000000e+04
2.039300000000000000e+04
2.039600000000000000e+04
2.039800000000000000e+04
2.040100000000000000e+04
2.040300000000000000e+04
2.041400000000000000e+04
2.041600000000000000e+04
2.043200000000000000e+04
2.043400000000000000e+04
2.044000000000000000e+04
2.044100000000000000e+04
2.045000000000000000e+04
2.045400000000000000e+04
2.045800000000000000e+04
2.046200000000000000e+04
2.046400000000000000e+04
2.049200000000000000e+04
2.049800000000000000e+04
2.050900000000000000e+04
2.051100000000000000e+04
2.051200000000000000e+04
2.051400000000000000e+04
2.051800000000000000e+04
2.052300000000000000e+04
2.053000000000000000e+04
2.054500000000000000e+04
2.055100000000000000e+04
2.055500000000000000e+04
2.057300000000000000e+04
2.057700000000000000e+04
2.058500000000000000e+04
2.058900000000000000e+04
2.059400000000000000e+04
2.060400000000000000e+04
2.061300000000000000e+04
2.062000000000000000e+04
2.062100000000000000e+04
2.062700000000000000e+04
2.063200000000000000e+04
2.063500000000000000e+04
2.064800000000000000e+04
2.064900000000000000e+04
2.065000000000000000e+04
2.065700000000000000e+04
2.065800000000000000e+04
2.066100000000000000e+04
2.066800000000000000e+04
2.067300000000000000e+04
2.067800000000000000e+04
2.069400000000000000e+04
2.070100000000000000e+04
2.070300000000000000e+04
2.070800000000000000e+04
2.071500000000000000e+04
2.071600000000000000e+04
2.071900000000000000e+04
2.072000000000000000e+04
2.072700000000000000e+04
2.073400000000000000e+04
2.073500000000000000e+04
2.073700000000000000e+04
2.074000000000000000e+04
2.074100000000000000e+04
2.075000000000000000e+04
2.075300000000000000e+04
2.076300000000000000e+04
2.076400000000000000e+04
2.077700000000000000e+04
2.078500000000000000e+04
2.081100000000000000e+04
2.081600000000000000e+04
2.082400000000000000e+04
2.082700000000000000e+04
2.083000000000000000e+04
2.083500000000000000e+04
2.085000000000000000e+04
2.086000000000000000e+04
2.087300000000000000e+04
2.087700000000000000e+04
2.088200000000000000e+04
2.089100000000000000e+04
2.090100000000000000e+04
2.090500000000000000e+04
2.091600000000000000e+04
2.092400000000000000e+04
2.093000000000000000e+04
2.093700000000000000e+04
2.094500000000000000e+04
2.094700000000000000e+04
2.095200000000000000e+04
2.096300000000000000e+04
2.096400000000000000e+04
2.097800000000000000e+04
2.098300000000000000e+04
2.099300000000000000e+04
2.099800000000000000e+04
2.101000000000000000e+04
2.101500000000000000e+04
2.102300000000000000e+04
2.102900000000000000e+04
2.103900000000000000e+04
2.104000000000000000e+04
2.104200000000000000e+04
2.104600000000000000e+04
2.107300000000000000e+04
2.107800000000000000e+04
2.108900000000000000e+04
2.109200000000000000e+04
2.109300000000000000e+04
2.109800000000000000e+04
2.110100000000000000e+04
2.110400000000000000e+04
2.111200000000000000e+04
2.112100000000000000e+04
2.112900000000000000e+04
2.114700000000000000e+04
2.115600000000000000e+04
2.116100000000000000e+04
2.116300000000000000e+04
2.117000000000000000e+04
2.118400000000000000e+04
2.119200000000000000e+04
2.119800000000000000e+04
2.120000000000000000e+04
2.121800000000000000e+04
2.122100000000000000e+04
2.122300000000000000e+04
2.123900000000000000e+04
2.125500000000000000e+04
2.125600000000000000e+04
2.125700000000000000e+04
2.126400000000000000e+04
2.127100000000000000e+04
2.127700000000000000e+04
2.129300000000000000e+04
2.129900000000000000e+04
2.130200000000000000e+04
2.130600000000000000e+04
2.130900000000000000e+04
2.131500000000000000e+04
2.132100000000000000e+04
2.133700000000000000e+04
2.133800000000000000e+04
2.133900000000000000e+04
2.134300000000000000e+04
2.134400000000000000e+04
2.134600000000000000e+04
2.135400000000000000e+04
2.135500000000000000e+04
2.136100000000000000e+04
2.136300000000000000e+04
2.137000000000000000e+04
2.137200000000000000e+04
2.138500000000000000e+04
2.139400000000000000e+04
2.140400000000000000e+04
2.140600000000000000e+04
2.142400000000000000e+04
2.143100000000000000e+04
2.144400000000000000e+04
2.144600000000000000e+04
2.145300000000000000e+04
2.147400000000000000e+04
2.149000000000000000e+04
2.149300000000000000e+04
2.150100000000000000e+04
2.150200000000000000e+04
2.150900000000000000e+04
2.151100000000000000e+04
2.151200000000000000e+04
2.151300000000000000e+04
2.151700000000000000e+04
2.151900000000000000e+04
2.152000000000000000e+04
2.152200000000000000e+04
2.154100000000000000e+04
2.154900000000000000e+04
2.155200000000000000e+04
2.156600000000000000e+04
2.158000000000000000e+04
2.158900000000000000e+04
2.159300000000000000e+04
2.159500000000000000e+04
2.159700000000000000e+04
2.159800000000000000e+04
2.160300000000000000e+04
2.160800000000000000e+04
2.161100000000000000e+04
2.161200000000000000e+04
2.161400000000000000e+04
2.162300000000000000e+04
2.162600000000000000e+04
2.164300000000000000e+04
2.164500000000000000e+04
2.164600000000000000e+04
2.164700000000000000e+04
2.168500000000000000e+04
2.168700000000000000e+04
2.168800000000000000e+04
2.169900000000000000e+04
2.172100000000000000e+04
2.172500000000000000e+04
2.173200000000000000e+04
2.173300000000000000e+04
2.173900000000000000e+04
2.174900000000000000e+04
2.177100000000000000e+04
2.179000000000000000e+04
2.179200000000000000e+04
2.180900000000000000e+04
2.181500000000000000e+04
2.181800000000000000e+04
2.182300000000000000e+04
2.183100000000000000e+04
2.183700000000000000e+04
2.183900000000000000e+04
2.184000000000000000e+04
2.186000000000000000e+04
2.186900000000000000e+04
2.187400000000000000e+04
2.187500000000000000e+04
2.188100000000000000e+04
2.188500000000000000e+04
2.189100000000000000e+04
2.189600000000000000e+04
2.190600000000000000e+04
2.191000000000000000e+04
2.191400000000000000e+04
2.706100000000000000e+04
2.706600000000000000e+04
2.707700000000000000e+04
2.709400000000000000e+04
2.710200000000000000e+04
2.710400000000000000e+04
2.710700000000000000e+04
2.711600000000000000e+04
2.712100000000000000e+04
2.712300000000000000e+04
2.714200000000000000e+04
2.714800000000000000e+04
2.716400000000000000e+04
2.716500000000000000e+04
2.716700000000000000e+04
2.718400000000000000e+04
2.718500000000000000e+04
2.718600000000000000e+04
2.719200000000000000e+04
2.719800000000000000e+04
2.719900000000000000e+04
2.720500000000000000e+04
2.720800000000000000e+04
2.721200000000000000e+04
2.722400000000000000e+04
2.730800000000000000e+04
2.731700000000000000e+04
2.731800000000000000e+04
2.732500000000000000e+04
2.732700000000000000e+04
2.732900000000000000e+04
2.733900000000000000e+04
2.734200000000000000e+04
2.734600000000000000e+04
2.735000000000000000e+04
2.735100000000000000e+04
2.737500000000000000e+04
2.739400000000000000e+04
2.740200000000000000e+04
2.740600000000000000e+04
2.740900000000000000e+04
2.741300000000000000e+04
2.741400000000000000e+04
2.743000000000000000e+04
2.743700000000000000e+04
2.744900000000000000e+04
2.745500000000000000e+04
2.748000000000000000e+04
2.749000000000000000e+04
2.749800000000000000e+04
2.750900000000000000e+04
2.751000000000000000e+04
2.752400000000000000e+04
2.753500000000000000e+04
2.753600000000000000e+04
2.753800000000000000e+04
2.754100000000000000e+04
2.754700000000000000e+04
2.755200000000000000e+04
2.756400000000000000e+04
2.756800000000000000e+04
2.756900000000000000e+04
2.757700000000000000e+04
2.757800000000000000e+04
2.758900000000000000e+04
2.759000000000000000e+04
2.759300000000000000e+04
2.760200000000000000e+04
2.760600000000000000e+04
2.760800000000000000e+04
2.764200000000000000e+04
2.764600000000000000e+04
2.765200000000000000e+04
2.766400000000000000e+04
2.767000000000000000e+04
2.767300000000000000e+04
2.767500000000000000e+04
2.767700000000000000e+04
2.768400000000000000e+04
2.768500000000000000e+04
2.769400000000000000e+04
2.769600000000000000e+04
2.769900000000000000e+04
2.770000000000000000e+04
2.770100000000000000e+04
2.770200000000000000e+04
2.770600000000000000e+04
2.771300000000000000e+04
2.773700000000000000e+04
2.774900000000000000e+04
2.776700000000000000e+04
2.777200000000000000e+04
2.778700000000000000e+04
2.779100000000000000e+04
2.779200000000000000e+04
2.781100000000000000e+04
2.781300000000000000e+04
2.781600000000000000e+04
2.781800000000000000e+04
2.782200000000000000e+04
2.785600000000000000e+04
2.785900000000000000e+04
2.786100000000000000e+04
2.786200000000000000e+04
2.787500000000000000e+04
2.787600000000000000e+04
2.788800000000000000e+04
2.790200000000000000e+04
2.790300000000000000e+04
2.790400000000000000e+04
2.790900000000000000e+04
2.792600000000000000e+04
2.793000000000000000e+04
2.793500000000000000e+04
2.793600000000000000e+04
2.794000000000000000e+04
2.794500000000000000e+04
2.795300000000000000e+04
2.795700000000000000e+04
2.797100000000000000e+04
2.798600000000000000e+04
2.798900000000000000e+04
2.800700000000000000e+04
2.801700000000000000e+04
2.802100000000000000e+04
2.802400000000000000e+04
2.802700000000000000e+04
2.803300000000000000e+04
2.803600000000000000e+04
2.805200000000000000e+04
2.805700000000000000e+04
2.805800000000000000e+04
2.807500000000000000e+04
2.808000000000000000e+04
2.808400000000000000e+04
2.808700000000000000e+04
2.811200000000000000e+04
2.811400000000000000e+04
2.812000000000000000e+04
2.812300000000000000e+04
2.813000000000000000e+04
2.813900000000000000e+04
2.815300000000000000e+04
2.815400000000000000e+04
2.815500000000000000e+04
2.815800000000000000e+04
2.819200000000000000e+04
2.819300000000000000e+04
2.819700000000000000e+04
2.819800000000000000e+04
2.819900000000000000e+04
2.820200000000000000e+04
2.821500000000000000e+04
2.822400000000000000e+04
2.823100000000000000e+04
2.823200000000000000e+04
2.823300000000000000e+04
2.824300000000000000e+04
2.825600000000000000e+04
2.826200000000000000e+04
2.828600000000000000e+04
2.830200000000000000e+04
2.830400000000000000e+04
2.831100000000000000e+04
2.831700000000000000e+04
2.832700000000000000e+04
2.833200000000000000e+04
2.833500000000000000e+04
2.834300000000000000e+04
2.835300000000000000e+04
2.835900000000000000e+04
2.836000000000000000e+04
2.836300000000000000e+04
2.836600000000000000e+04
2.837100000000000000e+04
2.837600000000000000e+04
2.837900000000000000e+04
2.838300000000000000e+04
2.838400000000000000e+04
2.838600000000000000e+04
2.840700000000000000e+04
2.841200000000000000e+04
2.842100000000000000e+04
3.812200000000000000e+04
3.812500000000000000e+04
3.812700000000000000e+04
3.812800000000000000e+04
3.813600000000000000e+04
3.813900000000000000e+04
3.814500000000000000e+04
3.815600000000000000e+04
3.815800000000000000e+04
3.816300000000000000e+04
3.816600000000000000e+04
3.816900000000000000e+04
3.818300000000000000e+04
3.819700000000000000e+04
3.820500000000000000e+04
3.821700000000000000e+04
3.823600000000000000e+04
3.823900000000000000e+04
3.825600000000000000e+04
3.825700000000000000e+04
3.825900000000000000e+04
3.826400000000000000e+04
3.826900000000000000e+04
3.827600000000000000e+04
3.827900000000000000e+04
3.830600000000000000e+04
3.831600000000000000e+04
3.831800000000000000e+04
3.831900000000000000e+04
3.833300000000000000e+04
3.833900000000000000e+04
3.834800000000000000e+04
3.836000000000000000e+04
3.836700000000000000e+04
3.837600000000000000e+04
3.840300000000000000e+04
3.841300000000000000e+04
3.841600000000000000e+04
3.842500000000000000e+04
3.844200000000000000e+04
3.844400000000000000e+04
3.844500000000000000e+04
3.846900000000000000e+04
3.847000000000000000e+04
3.847400000000000000e+04
3.848400000000000000e+04
3.848500000000000000e+04
3.849900000000000000e+04
3.850200000000000000e+04
3.850400000000000000e+04
3.851300000000000000e+04
3.852700000000000000e+04
3.852800000000000000e+04
3.852900000000000000e+04
3.853400000000000000e+04
3.853500000000000000e+04
3.853800000000000000e+04
3.853900000000000000e+04
3.854700000000000000e+04
3.855000000000000000e+04
3.855100000000000000e+04
3.856800000000000000e+04
3.859100000000000000e+04
3.859400000000000000e+04
3.859700000000000000e+04
3.861900000000000000e+04
3.862800000000000000e+04
3.863600000000000000e+04
3.864400000000000000e+04
3.864500000000000000e+04
3.865000000000000000e+04
3.865600000000000000e+04
3.866200000000000000e+04
3.867800000000000000e+04
3.868700000000000000e+04
3.868900000000000000e+04
3.870300000000000000e+04
3.871500000000000000e+04
3.871800000000000000e+04
3.872100000000000000e+04
3.873400000000000000e+04
3.873500000000000000e+04
3.874400000000000000e+04
3.874600000000000000e+04
3.874900000000000000e+04
3.875400000000000000e+04
3.877600000000000000e+04
3.878400000000000000e+04
3.879000000000000000e+04
3.879300000000000000e+04
3.879400000000000000e+04
3.879800000000000000e+04
3.880400000000000000e+04
3.881200000000000000e+04
3.881400000000000000e+04
3.881500000000000000e+04
3.882800000000000000e+04
3.883000000000000000e+04
3.883300000000000000e+04
3.883400000000000000e+04
3.884500000000000000e+04
3.884900000000000000e+04
3.885600000000000000e+04
3.886500000000000000e+04
3.886800000000000000e+04
3.887200000000000000e+04
3.887700000000000000e+04
3.888000000000000000e+04
3.888300000000000000e+04
3.888800000000000000e+04
3.889300000000000000e+04
3.890400000000000000e+04
3.890800000000000000e+04
3.891000000000000000e+04
3.892000000000000000e+04
3.892300000000000000e+04
3.893100000000000000e+04
3.893900000000000000e+04
3.895400000000000000e+04
3.896700000000000000e+04
3.897100000000000000e+04
3.898800000000000000e+04
3.899100000000000000e+04
3.899600000000000000e+04
3.899900000000000000e+04
3.902800000000000000e+04
3.903900000000000000e+04
3.904300000000000000e+04
3.904600000000000000e+04
3.905700000000000000e+04
3.906300000000000000e+04
3.906400000000000000e+04
3.906500000000000000e+04
3.908500000000000000e+04
3.909400000000000000e+04
4.465200000000000000e+04
4.465500000000000000e+04
4.466700000000000000e+04
4.466900000000000000e+04
4.467300000000000000e+04
4.467900000000000000e+04
4.468500000000000000e+04
4.468900000000000000e+04
4.469500000000000000e+04
4.470400000000000000e+04
4.470900000000000000e+04
4.472600000000000000e+04
4.472900000000000000e+04
4.474000000000000000e+04
4.474200000000000000e+04
4.474700000000000000e+04
4.475500000000000000e+04
4.476100000000000000e+04
4.476500000000000000e+04
4.477100000000000000e+04
4.477200000000000000e+04
4.479400000000000000e+04
4.479700000000000000e+04
4.479800000000000000e+04
4.480200000000000000e+04
4.481500000000000000e+04
4.482900000000000000e+04
4.483100000000000000e+04
4.483200000000000000e+04
4.483700000000000000e+04
4.483900000000000000e+04
4.484000000000000000e+04
4.484100000000000000e+04
4.484500000000000000e+04
4.485000000000000000e+04
4.485100000000000000e+04
4.485200000000000000e+04
4.487000000000000000e+04
4.487300000000000000e+04
4.487500000000000000e+04
4.488100000000000000e+04
4.488400000000000000e+04
4.489400000000000000e+04
4.489600000000000000e+04
4.490000000000000000e+04
4.490200000000000000e+04
4.491000000000000000e+04
4.491100000000000000e+04
4.491300000000000000e+04
4.491600000000000000e+04
4.492700000000000000e+04
4.493400000000000000e+04
4.494600000000000000e+04
4.496000000000000000e+04
4.496200000000000000e+04
4.496400000000000000e+04
4.496500000000000000e+04
4.496900000000000000e+04
4.498000000000000000e+04
4.498900000000000000e+04
4.499100000000000000e+04
4.499400000000000000e+04
4.499600000000000000e+04
4.499800000000000000e+04
4.500700000000000000e+04
4.500900000000000000e+04
4.501700000000000000e+04
4.502100000000000000e+04
4.503300000000000000e+04
4.504300000000000000e+04
4.504400000000000000e+04
4.506100000000000000e+04
4.507100000000000000e+04
4.508100000000000000e+04
4.508500000000000000e+04
4.508900000000000000e+04
4.509000000000000000e+04
4.509200000000000000e+04
4.509300000000000000e+04
4.509400000000000000e+04
4.510500000000000000e+04
4.510600000000000000e+04
4.511700000000000000e+04
4.512000000000000000e+04
4.512600000000000000e+04
4.513000000000000000e+04
4.513700000000000000e+04
4.515000000000000000e+04
4.515800000000000000e+04
4.518000000000000000e+04
4.519800000000000000e+04
4.520100000000000000e+04
4.520400000000000000e+04
4.520900000000000000e+04
4.521500000000000000e+04
4.522300000000000000e+04
4.522500000000000000e+04
4.522800000000000000e+04
4.523100000000000000e+04
4.523500000000000000e+04
4.524200000000000000e+04
4.524400000000000000e+04
4.524600000000000000e+04
4.525400000000000000e+04
4.526000000000000000e+04
4.526800000000000000e+04
4.527400000000000000e+04
4.528200000000000000e+04
4.528400000000000000e+04
4.528500000000000000e+04
4.530100000000000000e+04
4.530400000000000000e+04
4.531400000000000000e+04
4.532600000000000000e+04
4.532800000000000000e+04
4.533700000000000000e+04
4.534200000000000000e+04
4.534400000000000000e+04
4.534700000000000000e+04
4.535800000000000000e+04
4.536300000000000000e+04
4.537400000000000000e+04
4.537900000000000000e+04
4.538800000000000000e+04
4.539200000000000000e+04
4.539500000000000000e+04
4.539600000000000000e+04
4.540500000000000000e+04
4.541100000000000000e+04
4.541900000000000000e+04
4.542700000000000000e+04
4.543600000000000000e+04
4.544900000000000000e+04
4.545000000000000000e+04
4.546200000000000000e+04
4.546400000000000000e+04
4.546700000000000000e+04
4.546900000000000000e+04
4.550700000000000000e+04
4.550900000000000000e+04
4.552000000000000000e+04
4.552700000000000000e+04
4.552800000000000000e+04
4.552900000000000000e+04
4.553100000000000000e+04
4.553200000000000000e+04
4.553600000000000000e+04
4.554900000000000000e+04
4.555200000000000000e+04
4.555500000000000000e+04
4.556300000000000000e+04
4.557700000000000000e+04
4.559600000000000000e+04
4.560200000000000000e+04
4.562900000000000000e+04
4.563000000000000000e+04
4.564000000000000000e+04
4.564100000000000000e+04
4.564600000000000000e+04
4.564800000000000000e+04
4.565200000000000000e+04
4.565800000000000000e+04
4.566800000000000000e+04
4.567400000000000000e+04
4.567600000000000000e+04
4.567800000000000000e+04
4.571300000000000000e+04
4.572100000000000000e+04
4.572900000000000000e+04
4.573700000000000000e+04
4.575900000000000000e+04
4.576100000000000000e+04
4.576200000000000000e+04
4.576800000000000000e+04
4.577300000000000000e+04
4.577700000000000000e+04
4.578000000000000000e+04
4.578300000000000000e+04
4.578500000000000000e+04
4.578900000000000000e+04
4.579600000000000000e+04
4.579900000000000000e+04
4.580000000000000000e+04
4.580100000000000000e+04
4.581000000000000000e+04
4.581900000000000000e+04
4.582500000000000000e+04
4.583800000000000000e+04
4.584400000000000000e+04
4.584700000000000000e+04
4.584800000000000000e+04
4.585300000000000000e+04
4.586400000000000000e+04
4.586600000000000000e+04
4.587300000000000000e+04
4.587700000000000000e+04
4.588100000000000000e+04
4.588200000000000000e+04
4.588300000000000000e+04
4.588800000000000000e+04
4.588900000000000000e+04
4.592900000000000000e+04
4.594400000000000000e+04
4.594600000000000000e+04
4.594800000000000000e+04
4.597000000000000000e+04
4.598500000000000000e+04
4.599400000000000000e+04
4.600000000000000000e+04
4.600100000000000000e+04
4.602500000000000000e+04
4.602600000000000000e+04
4.603200000000000000e+04
5.490000000000000000e+04
5.490100000000000000e+04
5.492500000000000000e+04
5.492600000000000000e+04
5.493900000000000000e+04
5.494400000000000000e+04
5.495000000000000000e+04
5.496000000000000000e+04
5.496700000000000000e+04
5.496800000000000000e+04
5.498500000000000000e+04
5.499300000000000000e+04
5.499500000000000000e+04
5.501100000000000000e+04
5.503900000000000000e+04
5.505800000000000000e+04
5.507400000000000000e+04
5.507600000000000000e+04
5.508700000000000000e+04
5.509200000000000000e+04
5.509500000000000000e+04
5.510000000000000000e+04
5.510400000000000000e+04
5.510500000000000000e+04
5.510800000000000000e+04
5.512600000000000000e+04
5.513200000000000000e+04
5.514700000000000000e+04
5.515000000000000000e+04
5.516400000000000000e+04
5.516500000000000000e+04
5.517100000000000000e+04
5.517600000000000000e+04
5.517700000000000000e+04
5.518400000000000000e+04
5.518600000000000000e+04
5.519200000000000000e+04
5.519600000000000000e+04
5.520900000000000000e+04
5.521600000000000000e+04
5.522800000000000000e+04
5.523200000000000000e+04
5.523400000000000000e+04
5.524700000000000000e+04
5.524900000000000000e+04
5.527100000000000000e+04
5.527600000000000000e+04
5.529700000000000000e+04
5.529900000000000000e+04
5.531300000000000000e+04
5.531400000000000000e+04
5.531700000000000000e+04
5.532000000000000000e+04
5.532900000000000000e+04
5.533600000000000000e+04
5.534700000000000000e+04
5.535800000000000000e+04
5.535900000000000000e+04
5.536200000000000000e+04
5.536500000000000000e+04
5.537400000000000000e+04
5.537800000000000000e+04
5.538700000000000000e+04
5.539000000000000000e+04
5.539300000000000000e+04
5.542100000000000000e+04
5.542300000000000000e+04
5.543300000000000000e+04
5.544100000000000000e+04
5.544800000000000000e+04
5.545000000000000000e+04
5.548400000000000000e+04
5.552000000000000000e+04
5.552100000000000000e+04
5.552200000000000000e+04
5.554500000000000000e+04
5.555000000000000000e+04
5.557300000000000000e+04
5.557600000000000000e+04
5.561100000000000000e+04
5.561300000000000000e+04
5.561500000000000000e+04
5.562100000000000000e+04
5.562500000000000000e+04
5.562600000000000000e+04
5.562900000000000000e+04
5.563100000000000000e+04
5.563300000000000000e+04
5.563600000000000000e+04
5.564100000000000000e+04
5.564200000000000000e+04
5.565200000000000000e+04
5.565900000000000000e+04
5.566000000000000000e+04
5.567400000000000000e+04
5.568500000000000000e+04
5.568800000000000000e+04
5.569200000000000000e+04
5.570600000000000000e+04
5.570700000000000000e+04
5.570800000000000000e+04
5.572200000000000000e+04
5.572400000000000000e+04
5.572600000000000000e+04
5.572700000000000000e+04
5.572800000000000000e+04
5.573000000000000000e+04
5.574000000000000000e+04
5.574200000000000000e+04
5.574400000000000000e+04
5.574500000000000000e+04
5.576500000000000000e+04
5.576900000000000000e+04
5.577500000000000000e+04
5.577600000000000000e+04
5.578600000000000000e+04
5.578800000000000000e+04
5.579100000000000000e+04
5.581100000000000000e+04
5.581400000000000000e+04
5.584100000000000000e+04
5.585200000000000000e+04
5.585700000000000000e+04
5.585900000000000000e+04
5.587500000000000000e+04
5.587700000000000000e+04
5.588400000000000000e+04
5.588600000000000000e+04
5.589400000000000000e+04
5.590100000000000000e+04
5.592400000000000000e+04
5.592600000000000000e+04
5.592700000000000000e+04
5.593100000000000000e+04
5.593200000000000000e+04
5.593700000000000000e+04
5.594100000000000000e+04
5.596300000000000000e+04
5.597400000000000000e+04
5.597900000000000000e+04
5.599500000000000000e+04
5.599700000000000000e+04
5.600200000000000000e+04
5.600300000000000000e+04
5.601500000000000000e+04
5.602800000000000000e+04
5.603200000000000000e+04
5.604800000000000000e+04
5.605200000000000000e+04
5.605300000000000000e+04
5.607300000000000000e+04
5.608100000000000000e+04
5.608500000000000000e+04
5.608600000000000000e+04
5.610200000000000000e+04
5.610400000000000000e+04
5.610500000000000000e+04
5.611300000000000000e+04
5.612100000000000000e+04
5.612200000000000000e+04
5.612400000000000000e+04
5.612700000000000000e+04
5.612900000000000000e+04
5.613700000000000000e+04
5.614000000000000000e+04
5.614100000000000000e+04
5.614600000000000000e+04
5.614900000000000000e+04
5.615600000000000000e+04
5.615900000000000000e+04
5.616600000000000000e+04
5.617900000000000000e+04
5.618300000000000000e+04
5.619100000000000000e+04
5.619300000000000000e+04
5.621400000000000000e+04
5.621700000000000000e+04
5.622600000000000000e+04
5.623200000000000000e+04
5.623500000000000000e+04
5.624200000000000000e+04
5.624300000000000000e+04
5.624400000000000000e+04
5.624800000000000000e+04
5.626800000000000000e+04
5.627000000000000000e+04
5.627300000000000000e+04
5.627600000000000000e+04
5.628000000000000000e+04
5.630100000000000000e+04
5.630500000000000000e+04
5.630700000000000000e+04
5.631100000000000000e+04
5.631700000000000000e+04
5.632000000000000000e+04
5.632900000000000000e+04
5.633300000000000000e+04
5.633400000000000000e+04
5.633700000000000000e+04
5.634300000000000000e+04
5.634900000000000000e+04
5.635900000000000000e+04
5.638500000000000000e+04
5.639200000000000000e+04
5.639300000000000000e+04
5.639700000000000000e+04
5.640300000000000000e+04
5.640900000000000000e+04
5.641700000000000000e+04
5.643200000000000000e+04
5.643700000000000000e+04
5.644400000000000000e+04
5.647000000000000000e+04
5.648300000000000000e+04
5.648400000000000000e+04
5.650300000000000000e+04
5.650700000000000000e+04
5.651100000000000000e+04
5.651700000000000000e+04
5.653800000000000000e+04
5.654000000000000000e+04
5.654100000000000000e+04
5.654300000000000000e+04
5.655200000000000000e+04
5.655400000000000000e+04
5.655700000000000000e+04
5.656800000000000000e+04
5.658200000000000000e+04
5.659800000000000000e+04
5.660600000000000000e+04
5.660900000000000000e+04
5.661500000000000000e+04
5.662600000000000000e+04
5.662800000000000000e+04
5.663700000000000000e+04
5.664800000000000000e+04
5.666200000000000000e+04
5.666900000000000000e+04
5.667600000000000000e+04
5.667700000000000000e+04
5.668000000000000000e+04
5.668900000000000000e+04
5.669500000000000000e+04
5.669900000000000000e+04
5.670000000000000000e+04
5.670700000000000000e+04
5.671500000000000000e+04
5.672900000000000000e+04
5.673000000000000000e+04
5.673300000000000000e+04
5.674100000000000000e+04
5.675800000000000000e+04
5.676200000000000000e+04
5.676700000000000000e+04
5.676800000000000000e+04
5.676900000000000000e+04
5.678500000000000000e+04
5.678600000000000000e+04
5.678700000000000000e+04
5.679500000000000000e+04
5.680500000000000000e+04
5.680700000000000000e+04
5.680900000000000000e+04
5.681500000000000000e+04
5.681700000000000000e+04
5.682200000000000000e+04
5.684200000000000000e+04
5.684800000000000000e+04
6.904100000000000000e+04
6.904600000000000000e+04
6.905600000000000000e+04
6.905700000000000000e+04
6.905900000000000000e+04
6.906200000000000000e+04
6.907700000000000000e+04
6.908400000000000000e+04
6.909300000000000000e+04
6.909800000000000000e+04
6.910800000000000000e+04
6.912100000000000000e+04
6.912200000000000000e+04
6.912800000000000000e+04
6.913200000000000000e+04
6.915900000000000000e+04
6.916200000000000000e+04
6.916300000000000000e+04
6.916500000000000000e+04
6.917300000000000000e+04
6.917400000000000000e+04
6.918000000000000000e+04
6.918800000000000000e+04
7.966800000000000000e+04
7.967200000000000000e+04
7.967800000000000000e+04
7.968000000000000000e+04
7.968300000000000000e+04
7.968400000000000000e+04
7.968800000000000000e+04
7.970600000000000000e+04
7.970800000000000000e+04
7.970900000000000000e+04
7.971200000000000000e+04
7.972100000000000000e+04
7.973100000000000000e+04
7.973200000000000000e+04
7.973600000000000000e+04
7.973700000000000000e+04
7.974500000000000000e+04
7.977000000000000000e+04
7.978600000000000000e+04
7.981000000000000000e+04
7.981200000000000000e+04
7.981600000000000000e+04
7.982300000000000000e+04
7.982900000000000000e+04
7.983700000000000000e+04
7.984400000000000000e+04
7.985100000000000000e+04
7.986500000000000000e+04
7.986700000000000000e+04
7.986900000000000000e+04
7.987100000000000000e+04
7.989500000000000000e+04
7.989700000000000000e+04
7.990500000000000000e+04
7.993700000000000000e+04
7.995200000000000000e+04
7.997600000000000000e+04
7.997900000000000000e+04
7.998800000000000000e+04
7.999300000000000000e+04
7.999900000000000000e+04
8.001400000000000000e+04
8.003100000000000000e+04
8.003400000000000000e+04
8.702600000000000000e+04
8.702900000000000000e+04
8.704800000000000000e+04
8.705800000000000000e+04
8.706800000000000000e+04
8.708700000000000000e+04
8.709200000000000000e+04
8.709600000000000000e+04
8.711200000000000000e+04
8.711300000000000000e+04
8.711600000000000000e+04
8.713200000000000000e+04
8.714100000000000000e+04
8.714200000000000000e+04
8.714900000000000000e+04
8.716800000000000000e+04
8.717300000000000000e+04
8.717400000000000000e+04
8.717500000000000000e+04
8.718300000000000000e+04
8.719300000000000000e+04
8.719400000000000000e+04
8.719600000000000000e+04
8.720500000000000000e+04
8.720700000000000000e+04
8.720900000000000000e+04
8.721900000000000000e+04
8.722200000000000000e+04
8.723200000000000000e+04
8.723300000000000000e+04
8.724100000000000000e+04
8.725700000000000000e+04
8.725800000000000000e+04
8.726300000000000000e+04
8.726600000000000000e+04
8.726700000000000000e+04
8.726800000000000000e+04
8.726900000000000000e+04
8.728200000000000000e+04
8.728900000000000000e+04
8.730000000000000000e+04
8.731000000000000000e+04
8.731800000000000000e+04
8.732400000000000000e+04
8.732800000000000000e+04
8.736400000000000000e+04
8.738700000000000000e+04
8.738800000000000000e+04
8.739300000000000000e+04
8.739700000000000000e+04
8.740000000000000000e+04
8.741200000000000000e+04
8.741600000000000000e+04
8.742100000000000000e+04
8.742600000000000000e+04
8.743400000000000000e+04
8.745100000000000000e+04
8.745200000000000000e+04
8.746300000000000000e+04
8.746600000000000000e+04
8.746800000000000000e+04
8.748100000000000000e+04
8.749600000000000000e+04
8.750000000000000000e+04
8.750400000000000000e+04
8.750500000000000000e+04
8.751100000000000000e+04
8.751600000000000000e+04
8.752000000000000000e+04
8.752400000000000000e+04
8.752800000000000000e+04
8.753800000000000000e+04
8.754000000000000000e+04
8.755600000000000000e+04
8.756000000000000000e+04
8.756800000000000000e+04
8.756900000000000000e+04
8.757400000000000000e+04
8.757900000000000000e+04
8.758300000000000000e+04
8.760000000000000000e+04
8.760500000000000000e+04
8.760600000000000000e+04
8.761400000000000000e+04
8.762400000000000000e+04
8.762900000000000000e+04
8.764200000000000000e+04
8.764600000000000000e+04
8.764700000000000000e+04
8.764900000000000000e+04
8.765300000000000000e+04
8.766500000000000000e+04
8.767000000000000000e+04
8.767900000000000000e+04
8.768200000000000000e+04
8.768400000000000000e+04
8.769300000000000000e+04
8.773300000000000000e+04
8.773700000000000000e+04
8.773800000000000000e+04
8.774900000000000000e+04
8.775000000000000000e+04
8.775500000000000000e+04
8.776100000000000000e+04
8.777100000000000000e+04
8.778700000000000000e+04
8.779300000000000000e+04
8.779800000000000000e+04
8.781100000000000000e+04
8.781400000000000000e+04
8.781600000000000000e+04
8.781900000000000000e+04
8.782800000000000000e+04
8.783500000000000000e+04
8.784200000000000000e+04
8.785500000000000000e+04
8.786500000000000000e+04
8.786600000000000000e+04
8.788400000000000000e+04
8.788800000000000000e+04
8.788900000000000000e+04
8.789000000000000000e+04
8.790000000000000000e+04
8.790500000000000000e+04
8.791400000000000000e+04
8.792700000000000000e+04
8.794300000000000000e+04
8.794600000000000000e+04
8.795100000000000000e+04
8.795200000000000000e+04
8.796500000000000000e+04
8.796800000000000000e+04
8.798100000000000000e+04
8.798500000000000000e+04
8.798900000000000000e+04
8.799000000000000000e+04
8.799100000000000000e+04
8.799200000000000000e+04
8.799500000000000000e+04
8.799600000000000000e+04
8.802400000000000000e+04
8.802500000000000000e+04
8.802700000000000000e+04
8.802900000000000000e+04
8.803200000000000000e+04
8.805900000000000000e+04
8.806000000000000000e+04
8.806800000000000000e+04
8.807300000000000000e+04
8.807500000000000000e+04
8.808200000000000000e+04
8.808500000000000000e+04
8.809100000000000000e+04
8.809600000000000000e+04
8.810000000000000000e+04
8.810700000000000000e+04
8.811100000000000000e+04
8.812000000000000000e+04
8.813300000000000000e+04
8.813400000000000000e+04
8.816400000000000000e+04
8.817000000000000000e+04
8.817300000000000000e+04
8.817500000000000000e+04
8.817700000000000000e+04
8.818000000000000000e+04
8.819700000000000000e+04
8.820800000000000000e+04
8.821300000000000000e+04
9.435900000000000000e+04
9.436300000000000000e+04
9.436900000000000000e+04
9.437200000000000000e+04
9.437900000000000000e+04
9.438100000000000000e+04
9.438900000000000000e+04
9.439500000000000000e+04
9.440200000000000000e+04
9.441000000000000000e+04
9.441100000000000000e+04
9.441200000000000000e+04
9.441900000000000000e+04
9.443000000000000000e+04
9.443300000000000000e+04
9.443400000000000000e+04
9.444800000000000000e+04
9.444900000000000000e+04
9.445100000000000000e+04
9.445900000000000000e+04
9.446100000000000000e+04
9.446500000000000000e+04
9.447300000000000000e+04
9.447700000000000000e+04
9.448700000000000000e+04
9.448900000000000000e+04
9.450100000000000000e+04
9.450500000000000000e+04
1.092960000000000000e+05
1.093080000000000000e+05
1.093130000000000000e+05
1.093230000000000000e+05
1.093260000000000000e+05
1.093420000000000000e+05
1.093570000000000000e+05
1.093650000000000000e+05
1.093720000000000000e+05
1.093740000000000000e+05
1.093750000000000000e+05
1.093800000000000000e+05
1.093840000000000000e+05
1.093870000000000000e+05
1.093880000000000000e+05
1.093940000000000000e+05
1.094200000000000000e+05
1.094350000000000000e+05
1.094430000000000000e+05
1.094640000000000000e+05
1.094680000000000000e+05
1.094890000000000000e+05
1.094900000000000000e+05
1.094920000000000000e+05
1.094930000000000000e+05
1.095010000000000000e+05
1.095030000000000000e+05
1.095110000000000000e+05
1.095160000000000000e+05
1.095220000000000000e+05
1.095250000000000000e+05
1.095260000000000000e+05
1.095430000000000000e+05
1.095450000000000000e+05
1.095500000000000000e+05
1.095510000000000000e+05
1.095570000000000000e+05
1.095580000000000000e+05
1.095630000000000000e+05
1.095660000000000000e+05
1.095840000000000000e+05
1.095900000000000000e+05
1.096180000000000000e+05
1.096200000000000000e+05
1.117160000000000000e+05
1.117330000000000000e+05
1.117430000000000000e+05
1.117710000000000000e+05
1.117740000000000000e+05
1.117760000000000000e+05
1.117770000000000000e+05
1.117830000000000000e+05
1.117890000000000000e+05
1.118010000000000000e+05
1.118030000000000000e+05
1.118130000000000000e+05
1.118160000000000000e+05
1.118200000000000000e+05
1.118280000000000000e+05
1.118390000000000000e+05
1.118520000000000000e+05
1.118540000000000000e+05
1.118560000000000000e+05
1.118630000000000000e+05
1.118670000000000000e+05
1.118720000000000000e+05
1.118850000000000000e+05
1.119050000000000000e+05
1.119240000000000000e+05
1.119270000000000000e+05
1.119290000000000000e+05
1.119300000000000000e+05
1.119380000000000000e+05
1.119550000000000000e+05
1.119570000000000000e+05
1.119580000000000000e+05
1.119980000000000000e+05
1.120090000000000000e+05
1.120250000000000000e+05
1.120340000000000000e+05
1.120360000000000000e+05
1.120690000000000000e+05
1.120800000000000000e+05
1.120870000000000000e+05
1.120880000000000000e+05
1.120900000000000000e+05
1.120930000000000000e+05
1.120960000000000000e+05
1.121040000000000000e+05
1.121170000000000000e+05
1.121210000000000000e+05
1.121230000000000000e+05
1.121240000000000000e+05
1.121480000000000000e+05
1.121570000000000000e+05
1.121670000000000000e+05
1.121790000000000000e+05
1.121900000000000000e+05
1.121970000000000000e+05
1.121980000000000000e+05
1.122010000000000000e+05
1.122080000000000000e+05
1.122220000000000000e+05
1.122290000000000000e+05
1.122330000000000000e+05
1.122440000000000000e+05
1.122600000000000000e+05
1.122660000000000000e+05
1.122770000000000000e+05
1.122780000000000000e+05
1.122910000000000000e+05
1.122970000000000000e+05
1.123080000000000000e+05
1.123160000000000000e+05
1.123190000000000000e+05
1.123220000000000000e+05
1.123250000000000000e+05
1.123430000000000000e+05
1.123440000000000000e+05
1.123470000000000000e+05
1.123490000000000000e+05
1.123540000000000000e+05
1.123570000000000000e+05
1.123610000000000000e+05
1.123640000000000000e+05
1.123690000000000000e+05
1.123740000000000000e+05
1.123840000000000000e+05
1.123890000000000000e+05
1.123900000000000000e+05
1.123960000000000000e+05
1.124020000000000000e+05
1.124040000000000000e+05
1.124070000000000000e+05
1.124270000000000000e+05
1.124330000000000000e+05
1.124350000000000000e+05
1.124390000000000000e+05
1.124480000000000000e+05
1.124530000000000000e+05
1.124640000000000000e+05
1.124650000000000000e+05
1.124680000000000000e+05
1.124760000000000000e+05
1.124830000000000000e+05
1.124990000000000000e+05
1.125010000000000000e+05
1.125020000000000000e+05
1.125130000000000000e+05
1.125160000000000000e+05
1.125180000000000000e+05
1.125200000000000000e+05
1.125290000000000000e+05
1.125320000000000000e+05
1.125440000000000000e+05
1.125530000000000000e+05
1.125540000000000000e+05
1.125700000000000000e+05
1.125880000000000000e+05
1.125900000000000000e+05
1.125940000000000000e+05
1.126090000000000000e+05
1.126140000000000000e+05
1.126220000000000000e+05
1.126230000000000000e+05
1.126280000000000000e+05
1.126500000000000000e+05
1.126660000000000000e+05
1.126710000000000000e+05
1.126830000000000000e+05
1.127090000000000000e+05
1.127120000000000000e+05
1.127140000000000000e+05
1.127150000000000000e+05
1.127220000000000000e+05
1.127500000000000000e+05
1.127530000000000000e+05
1.127570000000000000e+05
1.127770000000000000e+05
1.127780000000000000e+05
1.127810000000000000e+05
1.127850000000000000e+05
1.154040000000000000e+05
1.154090000000000000e+05
1.154190000000000000e+05
1.154200000000000000e+05
1.154220000000000000e+05
1.154280000000000000e+05
1.154300000000000000e+05
1.154420000000000000e+05
1.154490000000000000e+05
1.154570000000000000e+05
1.154590000000000000e+05
1.154650000000000000e+05
1.154670000000000000e+05
1.154750000000000000e+05
1.154840000000000000e+05
1.154980000000000000e+05
1.155020000000000000e+05
1.155090000000000000e+05
1.155260000000000000e+05
1.155320000000000000e+05
1.155470000000000000e+05
1.155490000000000000e+05
1.155510000000000000e+05
1.155570000000000000e+05
1.155720000000000000e+05
1.155820000000000000e+05
1.155860000000000000e+05
1.155890000000000000e+05
1.155900000000000000e+05
1.155920000000000000e+05
1.155930000000000000e+05
1.155970000000000000e+05
1.156010000000000000e+05
1.156080000000000000e+05
1.156270000000000000e+05
1.156310000000000000e+05
1.156320000000000000e+05
1.156440000000000000e+05
1.156480000000000000e+05
1.156540000000000000e+05
1.156660000000000000e+05
1.156820000000000000e+05
1.156860000000000000e+05
1.156900000000000000e+05
1.157010000000000000e+05
1.157070000000000000e+05
1.157130000000000000e+05
1.157250000000000000e+05
1.157340000000000000e+05
1.157430000000000000e+05
1.157570000000000000e+05
1.157580000000000000e+05
1.157770000000000000e+05
1.157800000000000000e+05
1.157830000000000000e+05
1.157900000000000000e+05
1.157970000000000000e+05
1.158120000000000000e+05
1.158160000000000000e+05
1.158180000000000000e+05
1.158230000000000000e+05
1.158260000000000000e+05
1.158320000000000000e+05
1.158660000000000000e+05
1.158690000000000000e+05
1.158730000000000000e+05
1.158800000000000000e+05
1.159020000000000000e+05
1.159200000000000000e+05
1.159240000000000000e+05
1.159360000000000000e+05
1.159420000000000000e+05
1.159460000000000000e+05
1.159550000000000000e+05
1.159650000000000000e+05
1.159770000000000000e+05
1.159810000000000000e+05
1.159840000000000000e+05
1.159980000000000000e+05
1.160090000000000000e+05
1.160100000000000000e+05
1.160250000000000000e+05
1.160280000000000000e+05
1.160330000000000000e+05
1.160470000000000000e+05
1.160630000000000000e+05
1.160720000000000000e+05
1.161020000000000000e+05
1.161090000000000000e+05
1.161180000000000000e+05
1.161190000000000000e+05
1.161210000000000000e+05
1.161220000000000000e+05
1.161340000000000000e+05
1.161450000000000000e+05
1.161510000000000000e+05
1.161570000000000000e+05
1.161640000000000000e+05
1.161740000000000000e+05
1.161830000000000000e+05
1.161970000000000000e+05
1.162310000000000000e+05
1.162420000000000000e+05
1.162550000000000000e+05
1.162630000000000000e+05
1.162730000000000000e+05
1.162840000000000000e+05
1.162850000000000000e+05
1.162880000000000000e+05
1.162930000000000000e+05
1.163080000000000000e+05
1.163100000000000000e+05
1.163150000000000000e+05
1.163260000000000000e+05
1.163290000000000000e+05
1.163340000000000000e+05
1.163400000000000000e+05
1.163410000000000000e+05
1.163480000000000000e+05
1.163490000000000000e+05
1.163520000000000000e+05
1.163530000000000000e+05
1.163680000000000000e+05
1.163710000000000000e+05
1.163850000000000000e+05
1.163860000000000000e+05
1.163910000000000000e+05
1.164190000000000000e+05
1.164380000000000000e+05
1.164480000000000000e+05
1.164630000000000000e+05
1.164660000000000000e+05
1.164700000000000000e+05
1.164770000000000000e+05
1.165000000000000000e+05
1.165170000000000000e+05
1.165180000000000000e+05
1.165210000000000000e+05
1.165230000000000000e+05
1.165270000000000000e+05
1.165350000000000000e+05
1.165410000000000000e+05
1.165550000000000000e+05
1.165610000000000000e+05
1.165790000000000000e+05
1.165800000000000000e+05
1.165840000000000000e+05
1.165890000000000000e+05
1.165920000000000000e+05
1.165940000000000000e+05
1.165990000000000000e+05
1.166060000000000000e+05
1.166150000000000000e+05
1.166170000000000000e+05
1.166180000000000000e+05
1.166200000000000000e+05
1.166260000000000000e+05
1.166270000000000000e+05
1.166290000000000000e+05
1.166490000000000000e+05
1.166610000000000000e+05
1.166670000000000000e+05
1.166870000000000000e+05
1.166950000000000000e+05
1.167160000000000000e+05
1.167200000000000000e+05
1.167220000000000000e+05
1.167260000000000000e+05
1.167270000000000000e+05
1.167290000000000000e+05
1.167330000000000000e+05
1.167390000000000000e+05
1.167400000000000000e+05
1.167690000000000000e+05
1.167880000000000000e+05
1.168170000000000000e+05
1.168300000000000000e+05
1.168410000000000000e+05
1.168520000000000000e+05
1.168550000000000000e+05
1.168650000000000000e+05
1.168710000000000000e+05
1.168720000000000000e+05
1.168880000000000000e+05
1.169060000000000000e+05
1.169080000000000000e+05
1.169100000000000000e+05
1.169130000000000000e+05
1.169180000000000000e+05
1.169230000000000000e+05
1.169290000000000000e+05
1.169390000000000000e+05
1.169400000000000000e+05
1.169430000000000000e+05
1.169460000000000000e+05
1.169530000000000000e+05
1.169670000000000000e+05
1.169740000000000000e+05
1.169750000000000000e+05
1.169800000000000000e+05
1.169920000000000000e+05
1.169950000000000000e+05
1.170030000000000000e+05
1.170130000000000000e+05
1.170410000000000000e+05
1.170510000000000000e+05
1.170670000000000000e+05
1.170720000000000000e+05
1.171030000000000000e+05
1.171070000000000000e+05
1.171150000000000000e+05
1.171260000000000000e+05
1.171330000000000000e+05
1.171340000000000000e+05
1.171360000000000000e+05
1.171400000000000000e+05
1.171490000000000000e+05
1.171590000000000000e+05
1.171670000000000000e+05
1.171730000000000000e+05
1.171780000000000000e+05
1.171990000000000000e+05
1.172030000000000000e+05
1.172120000000000000e+05
1.172190000000000000e+05
1.172310000000000000e+05
1.172320000000000000e+05
1.172330000000000000e+05
1.172400000000000000e+05
1.172490000000000000e+05
1.172500000000000000e+05
1.172560000000000000e+05
1.172570000000000000e+05
1.172580000000000000e+05
1.172640000000000000e+05
1.172660000000000000e+05
1.172690000000000000e+05
1.172940000000000000e+05
1.173030000000000000e+05
1.173050000000000000e+05
1.173410000000000000e+05
1.173540000000000000e+05
1.173560000000000000e+05
1.173630000000000000e+05
1.173650000000000000e+05
1.173790000000000000e+05
1.173800000000000000e+05
1.173820000000000000e+05
1.173900000000000000e+05
1.173910000000000000e+05
1.174020000000000000e+05
1.174100000000000000e+05
1.174210000000000000e+05
1.174220000000000000e+05
1.174240000000000000e+05
1.174250000000000000e+05
1.174270000000000000e+05
1.174310000000000000e+05
1.174320000000000000e+05
1.174350000000000000e+05
1.174500000000000000e+05
1.174540000000000000e+05
1.174550000000000000e+05
1.174560000000000000e+05
1.174570000000000000e+05
1.174710000000000000e+05
1.174740000000000000e+05
1.174940000000000000e+05
1.174950000000000000e+05
1.174980000000000000e+05
1.174990000000000000e+05
1.274470000000000000e+05
1.274480000000000000e+05
1.274510000000000000e+05
1.274520000000000000e+05
1.274660000000000000e+05
1.274670000000000000e+05
1.274970000000000000e+05
1.275020000000000000e+05
1.275070000000000000e+05
1.275090000000000000e+05
1.275120000000000000e+05
1.275250000000000000e+05
1.275260000000000000e+05
1.275270000000000000e+05
1.275280000000000000e+05
1.275290000000000000e+05
1.275350000000000000e+05
1.275400000000000000e+05
1.275660000000000000e+05
1.275680000000000000e+05
1.275690000000000000e+05
1.275720000000000000e+05
1.275810000000000000e+05
1.275870000000000000e+05
1.275970000000000000e+05
1.275980000000000000e+05
1.276060000000000000e+05
1.276100000000000000e+05
1.276160000000000000e+05
1.276180000000000000e+05
1.276230000000000000e+05
1.276250000000000000e+05
1.297060000000000000e+05
1.297090000000000000e+05
1.297190000000000000e+05
1.297300000000000000e+05
1.297360000000000000e+05
1.297420000000000000e+05
1.297450000000000000e+05
1.297460000000000000e+05
1.297550000000000000e+05
1.297570000000000000e+05
1.297580000000000000e+05
1.297660000000000000e+05
1.297710000000000000e+05
1.297740000000000000e+05
1.297970000000000000e+05
1.298010000000000000e+05
1.298060000000000000e+05
1.298080000000000000e+05
1.298140000000000000e+05
1.298150000000000000e+05
1.298220000000000000e+05
1.298370000000000000e+05
1.298410000000000000e+05
1.298490000000000000e+05
1.298520000000000000e+05
1.298600000000000000e+05
1.298610000000000000e+05
1.298620000000000000e+05
1.298660000000000000e+05
1.298680000000000000e+05
1.298730000000000000e+05
1.298980000000000000e+05
1.299020000000000000e+05
1.299160000000000000e+05
1.299170000000000000e+05
1.299260000000000000e+05
1.299380000000000000e+05
1.299430000000000000e+05
1.299490000000000000e+05
1.299500000000000000e+05
1.299550000000000000e+05
1.299630000000000000e+05
1.299670000000000000e+05
1.299750000000000000e+05
1.299770000000000000e+05
1.299880000000000000e+05
1.299990000000000000e+05
1.300080000000000000e+05
1.300110000000000000e+05
1.300200000000000000e+05
1.300300000000000000e+05
1.300420000000000000e+05
1.300560000000000000e+05
1.300750000000000000e+05
1.300870000000000000e+05
1.300920000000000000e+05
1.301040000000000000e+05
1.301180000000000000e+05
1.301420000000000000e+05
1.301550000000000000e+05
1.301560000000000000e+05
1.301570000000000000e+05
1.301640000000000000e+05
1.301680000000000000e+05
1.301730000000000000e+05
1.301740000000000000e+05
1.301750000000000000e+05
1.301840000000000000e+05
1.301880000000000000e+05
1.301970000000000000e+05
1.302020000000000000e+05
1.302110000000000000e+05
1.302130000000000000e+05
1.302220000000000000e+05
1.302260000000000000e+05
1.302400000000000000e+05
1.302480000000000000e+05
1.302550000000000000e+05
1.302560000000000000e+05
1.302640000000000000e+05
1.302760000000000000e+05
1.302810000000000000e+05
1.302840000000000000e+05
1.302860000000000000e+05
1.302920000000000000e+05
1.303030000000000000e+05
1.303060000000000000e+05
1.303170000000000000e+05
1.303240000000000000e+05
1.303280000000000000e+05
1.303300000000000000e+05
1.303310000000000000e+05
1.303390000000000000e+05
1.303470000000000000e+05
1.303590000000000000e+05
1.303720000000000000e+05
1.303850000000000000e+05
1.303910000000000000e+05
1.303930000000000000e+05
1.303990000000000000e+05
1.304010000000000000e+05
1.304070000000000000e+05
1.304190000000000000e+05
1.304250000000000000e+05
1.304290000000000000e+05
1.304330000000000000e+05
1.304550000000000000e+05
1.304570000000000000e+05
1.304660000000000000e+05
1.304750000000000000e+05
1.304760000000000000e+05
1.304770000000000000e+05
1.304890000000000000e+05
1.304970000000000000e+05
1.305020000000000000e+05
1.305150000000000000e+05
1.305280000000000000e+05
1.305300000000000000e+05
1.305320000000000000e+05
1.305330000000000000e+05
1.305390000000000000e+05
1.305430000000000000e+05
1.305600000000000000e+05
1.305650000000000000e+05
1.305700000000000000e+05
1.305710000000000000e+05
1.305770000000000000e+05
1.305790000000000000e+05
1.305830000000000000e+05
1.305950000000000000e+05
1.306030000000000000e+05
1.306050000000000000e+05
1.306130000000000000e+05
1.306250000000000000e+05
1.306270000000000000e+05
1.306340000000000000e+05
1.306350000000000000e+05
1.306530000000000000e+05
1.306570000000000000e+05
1.306580000000000000e+05
1.306620000000000000e+05
1.306700000000000000e+05
1.306720000000000000e+05
1.306860000000000000e+05
1.306910000000000000e+05
1.306950000000000000e+05
1.306970000000000000e+05
1.307090000000000000e+05
1.307230000000000000e+05
1.307290000000000000e+05
1.307420000000000000e+05
1.307430000000000000e+05
1.307470000000000000e+05
1.307510000000000000e+05
1.307530000000000000e+05
1.307580000000000000e+05
1.307600000000000000e+05
1.307660000000000000e+05
1.307710000000000000e+05
1.307780000000000000e+05
1.307850000000000000e+05
1.307970000000000000e+05
1.308240000000000000e+05
1.308300000000000000e+05
1.308370000000000000e+05
1.308390000000000000e+05
1.308450000000000000e+05
1.308510000000000000e+05
1.308560000000000000e+05
1.308570000000000000e+05
1.308630000000000000e+05
1.308660000000000000e+05
1.308770000000000000e+05
1.308980000000000000e+05
1.309000000000000000e+05
1.309010000000000000e+05
1.309070000000000000e+05
1.309100000000000000e+05
1.309130000000000000e+05
1.309150000000000000e+05
1.309210000000000000e+05
1.309240000000000000e+05
1.309260000000000000e+05
1.309330000000000000e+05
1.309490000000000000e+05
1.309510000000000000e+05
1.309660000000000000e+05
1.309710000000000000e+05
1.309760000000000000e+05
1.309780000000000000e+05
1.309950000000000000e+05
1.310050000000000000e+05
1.310090000000000000e+05
1.310240000000000000e+05
1.310290000000000000e+05
1.310320000000000000e+05
1.310350000000000000e+05
1.310360000000000000e+05
1.310570000000000000e+05
1.310710000000000000e+05
1.310720000000000000e+05
1.310730000000000000e+05
1.310830000000000000e+05
1.310890000000000000e+05
1.310940000000000000e+05
1.311170000000000000e+05
1.311180000000000000e+05
1.311250000000000000e+05
1.311340000000000000e+05
1.311350000000000000e+05
1.311380000000000000e+05
1.311390000000000000e+05
1.311510000000000000e+05
1.311570000000000000e+05
1.311580000000000000e+05
1.311620000000000000e+05
1.311640000000000000e+05
1.311650000000000000e+05
1.311680000000000000e+05
1.311740000000000000e+05
1.311760000000000000e+05
1.311800000000000000e+05
1.311820000000000000e+05
1.311850000000000000e+05
1.311890000000000000e+05
1.311990000000000000e+05
1.312190000000000000e+05
1.312200000000000000e+05
1.312210000000000000e+05
1.312240000000000000e+05
1.312250000000000000e+05
1.312260000000000000e+05
1.312350000000000000e+05
1.312410000000000000e+05
1.312500000000000000e+05
1.312530000000000000e+05
1.312640000000000000e+05
1.312790000000000000e+05
1.312860000000000000e+05
1.313200000000000000e+05
1.313230000000000000e+05
1.313480000000000000e+05
1.313520000000000000e+05
1.313550000000000000e+05
1.313930000000000000e+05
1.313960000000000000e+05
1.314220000000000000e+05
1.314240000000000000e+05
1.314250000000000000e+05
1.314350000000000000e+05
1.314450000000000000e+05
1.314470000000000000e+05
1.314490000000000000e+05
1.314630000000000000e+05
1.314730000000000000e+05
1.315070000000000000e+05
1.315080000000000000e+05
1.315220000000000000e+05
1.315240000000000000e+05
1.315270000000000000e+05
1.315360000000000000e+05
1.315440000000000000e+05
1.315490000000000000e+05
1.315520000000000000e+05
1.315570000000000000e+05
1.315720000000000000e+05
1.315820000000000000e+05
1.315860000000000000e+05
1.315880000000000000e+05
1.315920000000000000e+05
1.316070000000000000e+05
1.316110000000000000e+05
1.316140000000000000e+05
1.316180000000000000e+05
1.316210000000000000e+05
1.316320000000000000e+05
1.316380000000000000e+05
1.316550000000000000e+05
1.316630000000000000e+05
1.316640000000000000e+05
1.316710000000000000e+05
1.316720000000000000e+05
1.316750000000000000e+05
1.316840000000000000e+05
1.316910000000000000e+05
1.316920000000000000e+05
1.317140000000000000e+05
1.317150000000000000e+05
1.317190000000000000e+05
1.317210000000000000e+05
1.317260000000000000e+05
1.337540000000000000e+05
1.337690000000000000e+05
1.337890000000000000e+05
1.337900000000000000e+05
1.337920000000000000e+05
1.337930000000000000e+05
1.338010000000000000e+05
1.338030000000000000e+05
1.338050000000000000e+05
1.338250000000000000e+05
1.338410000000000000e+05
1.338560000000000000e+05
1.338580000000000000e+05
1.338670000000000000e+05
1.338730000000000000e+05
1.338850000000000000e+05
1.338870000000000000e+05
1.338960000000000000e+05
1.338990000000000000e+05
1.339130000000000000e+05
1.339220000000000000e+05
1.339390000000000000e+05
1.339480000000000000e+05
1.339730000000000000e+05
1.339810000000000000e+05
1.339900000000000000e+05
1.339940000000000000e+05
1.340020000000000000e+05
1.340040000000000000e+05
1.340090000000000000e+05
1.340110000000000000e+05
1.340180000000000000e+05
1.340210000000000000e+05
1.340230000000000000e+05
1.340310000000000000e+05
1.340320000000000000e+05
1.340460000000000000e+05
1.340470000000000000e+05
1.340500000000000000e+05
1.340560000000000000e+05
1.340570000000000000e+05
1.340650000000000000e+05
1.340720000000000000e+05
1.340750000000000000e+05
1.340760000000000000e+05
1.340910000000000000e+05
1.340990000000000000e+05
1.341010000000000000e+05
1.341020000000000000e+05
1.341050000000000000e+05
1.341150000000000000e+05
1.341230000000000000e+05
1.341250000000000000e+05
1.341310000000000000e+05
1.341380000000000000e+05
1.341390000000000000e+05
1.341500000000000000e+05
1.341540000000000000e+05
1.341560000000000000e+05
1.341580000000000000e+05
1.341610000000000000e+05
1.341690000000000000e+05
1.341820000000000000e+05
1.341860000000000000e+05
1.341920000000000000e+05
1.341970000000000000e+05
1.342050000000000000e+05
1.342070000000000000e+05
1.342090000000000000e+05
1.342100000000000000e+05
1.342350000000000000e+05
1.342460000000000000e+05
1.342520000000000000e+05
1.342610000000000000e+05
1.342740000000000000e+05
1.342990000000000000e+05
1.343000000000000000e+05
1.343130000000000000e+05
1.343560000000000000e+05
1.343610000000000000e+05
1.343730000000000000e+05
1.343750000000000000e+05
1.343780000000000000e+05
1.343800000000000000e+05
1.343850000000000000e+05
1.343890000000000000e+05
1.343940000000000000e+05
1.344230000000000000e+05
1.344320000000000000e+05
1.344370000000000000e+05
1.344420000000000000e+05
1.344550000000000000e+05
1.344560000000000000e+05
1.344770000000000000e+05
1.344860000000000000e+05
1.344940000000000000e+05
1.345000000000000000e+05
1.345040000000000000e+05
1.345080000000000000e+05
1.345200000000000000e+05
1.345210000000000000e+05
1.345290000000000000e+05
1.345510000000000000e+05
1.345620000000000000e+05
1.345640000000000000e+05
1.345650000000000000e+05
1.345690000000000000e+05
1.345910000000000000e+05
1.346040000000000000e+05
1.346060000000000000e+05
1.346110000000000000e+05
1.346130000000000000e+05
1.346180000000000000e+05
1.346200000000000000e+05
1.346210000000000000e+05
1.346310000000000000e+05
1.346410000000000000e+05
1.346430000000000000e+05
1.346460000000000000e+05
1.346510000000000000e+05
1.346680000000000000e+05
1.346720000000000000e+05
1.346770000000000000e+05
1.346780000000000000e+05
1.346910000000000000e+05
1.346970000000000000e+05
1.347100000000000000e+05
1.347240000000000000e+05
1.347280000000000000e+05
1.347310000000000000e+05
1.347340000000000000e+05
1.347410000000000000e+05
1.347560000000000000e+05
1.347990000000000000e+05
1.348040000000000000e+05
1.348100000000000000e+05
1.348180000000000000e+05
1.348330000000000000e+05
1.348350000000000000e+05
1.348410000000000000e+05
1.348490000000000000e+05
1.348510000000000000e+05
1.348540000000000000e+05
1.348570000000000000e+05
1.348670000000000000e+05
1.348740000000000000e+05
1.348790000000000000e+05
1.348890000000000000e+05
1.348930000000000000e+05
1.348960000000000000e+05
1.349020000000000000e+05
1.349180000000000000e+05
1.349300000000000000e+05
1.349390000000000000e+05
1.349460000000000000e+05
1.349500000000000000e+05
1.349580000000000000e+05
1.349690000000000000e+05
1.349860000000000000e+05
1.349910000000000000e+05
1.349920000000000000e+05
1.349960000000000000e+05
1.349980000000000000e+05
1.350060000000000000e+05
1.350160000000000000e+05
1.350270000000000000e+05
1.350370000000000000e+05
1.350530000000000000e+05
1.350600000000000000e+05
1.350700000000000000e+05
1.350730000000000000e+05
1.350760000000000000e+05
1.350990000000000000e+05
1.351180000000000000e+05
1.351210000000000000e+05
1.351260000000000000e+05
1.351280000000000000e+05
1.351310000000000000e+05
1.351340000000000000e+05
1.351440000000000000e+05
1.351460000000000000e+05
1.351470000000000000e+05
1.351510000000000000e+05
1.351570000000000000e+05
1.351590000000000000e+05
1.351600000000000000e+05
1.351770000000000000e+05
1.351890000000000000e+05
1.351930000000000000e+05
1.351940000000000000e+05
1.352010000000000000e+05
1.352040000000000000e+05
1.352050000000000000e+05
1.352080000000000000e+05
1.352100000000000000e+05
1.352150000000000000e+05
1.352160000000000000e+05
1.352170000000000000e+05
1.352330000000000000e+05
1.352380000000000000e+05
1.352520000000000000e+05
1.352710000000000000e+05
1.352720000000000000e+05
1.352750000000000000e+05
1.352800000000000000e+05
1.352840000000000000e+05
1.352900000000000000e+05
1.352910000000000000e+05
1.353010000000000000e+05
1.353100000000000000e+05
1.353200000000000000e+05
1.353290000000000000e+05
1.353350000000000000e+05
1.353470000000000000e+05
1.353530000000000000e+05
1.353640000000000000e+05
1.353800000000000000e+05
1.353840000000000000e+05
1.353980000000000000e+05
1.354080000000000000e+05
1.354280000000000000e+05
1.354330000000000000e+05
1.354350000000000000e+05
1.354390000000000000e+05
1.354410000000000000e+05
1.354420000000000000e+05
1.354520000000000000e+05
1.354530000000000000e+05
1.354630000000000000e+05
1.354670000000000000e+05
1.354730000000000000e+05
1.354790000000000000e+05
1.354860000000000000e+05
1.354920000000000000e+05
1.354950000000000000e+05
1.354980000000000000e+05
1.355040000000000000e+05
1.355180000000000000e+05
1.355250000000000000e+05
1.355290000000000000e+05
1.355330000000000000e+05
1.355360000000000000e+05
1.355370000000000000e+05
1.355620000000000000e+05
1.355660000000000000e+05
1.355670000000000000e+05
1.355720000000000000e+05
1.355810000000000000e+05
1.355880000000000000e+05
1.355950000000000000e+05
1.355980000000000000e+05
1.356020000000000000e+05
1.356120000000000000e+05
1.356180000000000000e+05
1.356230000000000000e+05
1.356320000000000000e+05
1.356410000000000000e+05
1.356440000000000000e+05
1.356530000000000000e+05
1.356610000000000000e+05
1.356700000000000000e+05
1.356740000000000000e+05
1.356810000000000000e+05
1.356980000000000000e+05
1.356990000000000000e+05
1.357150000000000000e+05
1.357220000000000000e+05
1.357230000000000000e+05
1.357250000000000000e+05
1.357440000000000000e+05
1.357460000000000000e+05
1.357670000000000000e+05
1.357690000000000000e+05
1.357710000000000000e+05
1.357820000000000000e+05
1.357860000000000000e+05
1.357880000000000000e+05
1.358040000000000000e+05
1.358050000000000000e+05
1.358110000000000000e+05
1.358130000000000000e+05
1.358210000000000000e+05
1.358260000000000000e+05
1.358610000000000000e+05
1.358630000000000000e+05
1.358640000000000000e+05
1.358660000000000000e+05
1.358680000000000000e+05
1.358700000000000000e+05
1.358730000000000000e+05
1.358780000000000000e+05
1.358890000000000000e+05
1.359070000000000000e+05
1.359340000000000000e+05
1.359360000000000000e+05
1.359450000000000000e+05
1.359460000000000000e+05
1.359480000000000000e+05
1.359500000000000000e+05
1.359600000000000000e+05
1.359650000000000000e+05
1.359690000000000000e+05
1.359840000000000000e+05
1.359900000000000000e+05
1.359950000000000000e+05
1.621560000000000000e+05
1.621570000000000000e+05
1.621580000000000000e+05
1.621720000000000000e+05
1.621830000000000000e+05
1.621920000000000000e+05
1.621940000000000000e+05
1.622030000000000000e+05
1.622090000000000000e+05
1.622150000000000000e+05
1.622230000000000000e+05
1.622250000000000000e+05
1.622410000000000000e+05
1.622420000000000000e+05
1.622440000000000000e+05
1.622470000000000000e+05
1.622680000000000000e+05
1.622720000000000000e+05
1.622830000000000000e+05
1.622860000000000000e+05
1.622910000000000000e+05
1.622930000000000000e+05
1.622970000000000000e+05
1.623130000000000000e+05
1.623160000000000000e+05
1.623340000000000000e+05
1.623360000000000000e+05
1.623440000000000000e+05
1.623450000000000000e+05
1.623590000000000000e+05
1.623800000000000000e+05
1.623840000000000000e+05
1.623900000000000000e+05
1.623960000000000000e+05
1.624020000000000000e+05
1.624090000000000000e+05
1.624100000000000000e+05
1.624120000000000000e+05
1.624190000000000000e+05
1.624200000000000000e+05
1.624210000000000000e+05
1.624390000000000000e+05
1.624440000000000000e+05
1.624480000000000000e+05
1.624500000000000000e+05
1.624660000000000000e+05
1.624680000000000000e+05
1.624710000000000000e+05
1.624720000000000000e+05
1.624760000000000000e+05
1.624770000000000000e+05
1.624780000000000000e+05
1.624950000000000000e+05
1.624980000000000000e+05
1.624990000000000000e+05
1.625160000000000000e+05
1.625170000000000000e+05
1.625290000000000000e+05
1.625420000000000000e+05
1.625640000000000000e+05
1.625650000000000000e+05
1.625680000000000000e+05
1.625760000000000000e+05
1.625990000000000000e+05
1.626040000000000000e+05
1.626460000000000000e+05
1.626530000000000000e+05
1.626540000000000000e+05
1.626600000000000000e+05
1.626660000000000000e+05
1.626670000000000000e+05
1.626690000000000000e+05
1.626720000000000000e+05
1.626760000000000000e+05
1.626990000000000000e+05
1.627040000000000000e+05
1.627090000000000000e+05
1.627150000000000000e+05
1.627210000000000000e+05
1.627280000000000000e+05
1.627380000000000000e+05
1.627390000000000000e+05
1.627460000000000000e+05
1.627470000000000000e+05
1.627550000000000000e+05
1.627590000000000000e+05
1.627650000000000000e+05
1.627690000000000000e+05
1.627970000000000000e+05
1.627990000000000000e+05
1.628040000000000000e+05
1.628110000000000000e+05
1.628120000000000000e+05
1.628140000000000000e+05
1.628180000000000000e+05
1.628240000000000000e+05
1.628250000000000000e+05
1.628260000000000000e+05
1.628340000000000000e+05
1.628360000000000000e+05
1.628590000000000000e+05
1.628600000000000000e+05
1.628640000000000000e+05
1.628700000000000000e+05
1.628720000000000000e+05
1.628750000000000000e+05
1.628800000000000000e+05
1.628820000000000000e+05
1.628830000000000000e+05
1.628870000000000000e+05
1.628880000000000000e+05
1.628890000000000000e+05
1.629030000000000000e+05
1.629080000000000000e+05
1.629170000000000000e+05
1.629200000000000000e+05
1.629220000000000000e+05
1.629280000000000000e+05
1.629340000000000000e+05
1.629420000000000000e+05
1.629500000000000000e+05
1.629510000000000000e+05
1.629530000000000000e+05
1.629560000000000000e+05
1.629660000000000000e+05
1.629760000000000000e+05
1.630060000000000000e+05
1.630220000000000000e+05
1.630270000000000000e+05
1.630310000000000000e+05
1.630380000000000000e+05
1.630460000000000000e+05
1.630500000000000000e+05
1.630640000000000000e+05
1.630890000000000000e+05
1.631010000000000000e+05
1.631070000000000000e+05
1.631110000000000000e+05
1.631170000000000000e+05
1.631330000000000000e+05
1.631480000000000000e+05
1.631610000000000000e+05
1.631680000000000000e+05
1.631700000000000000e+05
1.631730000000000000e+05
1.631760000000000000e+05
1.631900000000000000e+05
1.631940000000000000e+05
1.631990000000000000e+05
1.632060000000000000e+05
1.632070000000000000e+05
1.632110000000000000e+05
1.632210000000000000e+05
1.632310000000000000e+05
1.632410000000000000e+05
1.632500000000000000e+05
1.632540000000000000e+05
1.632550000000000000e+05
1.632570000000000000e+05
1.632600000000000000e+05
1.632630000000000000e+05
