2.000000000000000000e+00
3.000000000000000000e+00
6.000000000000000000e+00
1.100000000000000000e+01
2.100000000000000000e+01
3.100000000000000000e+01
3.900000000000000000e+01
4.800000000000000000e+01
4.900000000000000000e+01
8.300000000000000000e+01
1.030000000000000000e+02
1.090000000000000000e+02
1.190000000000000000e+02
1.230000000000000000e+02
1.240000000000000000e+02
1.260000000000000000e+02
1.300000000000000000e+02
1.310000000000000000e+02
1.320000000000000000e+02
1.350000000000000000e+02
1.380000000000000000e+02
1.560000000000000000e+02
1.910000000000000000e+02
1.930000000000000000e+02
1.970000000000000000e+02
2.280000000000000000e+02
2.370000000000000000e+02
2.460000000000000000e+02
2.490000000000000000e+02
2.540000000000000000e+02
2.700000000000000000e+02
2.706100000000000000e+04
2.706600000000000000e+04
2.707700000000000000e+04
2.709400000000000000e+04
2.710200000000000000e+04
2.710400000000000000e+04
2.710700000000000000e+04
2.711600000000000000e+04
2.712100000000000000e+04
2.712300000000000000e+04
2.714200000000000000e+04
2.714800000000000000e+04
2.716400000000000000e+04
2.716500000000000000e+04
2.716700000000000000e+04
2.718400000000000000e+04
2.718500000000000000e+04
2.718600000000000000e+04
2.719200000000000000e+04
2.719800000000000000e+04
2.719900000000000000e+04
2.720500000000000000e+04
2.720800000000000000e+04
2.721200000000000000e+04
2.722400000000000000e+04
2.730800000000000000e+04
2.731700000000000000e+04
2.731800000000000000e+04
2.732500000000000000e+04
2.732700000000000000e+04
2.732900000000000000e+04
2.733900000000000000e+04
2.734200000000000000e+04
2.734600000000000000e+04
2.735000000000000000e+04
2.735100000000000000e+04
2.737500000000000000e+04
2.739400000000000000e+04
2.740200000000000000e+04
2.740600000000000000e+04
2.740900000000000000e+04
2.741300000000000000e+04
2.741400000000000000e+04
2.743000000000000000e+04
2.743700000000000000e+04
2.744900000000000000e+04
2.745500000000000000e+04
2.748000000000000000e+04
2.749000000000000000e+04
2.749800000000000000e+04
2.750900000000000000e+04
2.751000000000000000e+04
2.752400000000000000e+04
2.753500000000000000e+04
2.753600000000000000e+04
2.753800000000000000e+04
2.754100000000000000e+04
2.754700000000000000e+04
2.755200000000000000e+04
2.756400000000000000e+04
2.756800000000000000e+04
2.756900000000000000e+04
2.757700000000000000e+04
2.757800000000000000e+04
2.758900000000000000e+04
2.759000000000000000e+04
2.759300000000000000e+04
2.760200000000000000e+04
2.760600000000000000e+04
2.760800000000000000e+04
2.764200000000000000e+04
2.764600000000000000e+04
2.765200000000000000e+04
2.766400000000000000e+04
2.767000000000000000e+04
2.767300000000000000e+04
2.767500000000000000e+04
2.767700000000000000e+04
2.768400000000000000e+04
2.768500000000000000e+04
2.769400000000000000e+04
2.769600000000000000e+04
2.769900000000000000e+04
2.770000000000000000e+04
2.770100000000000000e+04
2.770200000000000000e+04
2.770600000000000000e+04
2.771300000000000000e+04
2.773700000000000000e+04
2.774900000000000000e+04
2.776700000000000000e+04
2.777200000000000000e+04
2.778700000000000000e+04
2.779100000000000000e+04
2.779200000000000000e+04
2.781100000000000000e+04
2.781300000000000000e+04
2.781600000000000000e+04
2.781800000000000000e+04
2.782200000000000000e+04
2.785600000000000000e+04
2.785900000000000000e+04
2.786100000000000000e+04
2.786200000000000000e+04
2.787500000000000000e+04
2.787600000000000000e+04
2.788800000000000000e+04
2.790200000000000000e+04
2.790300000000000000e+04
2.790400000000000000e+04
2.790900000000000000e+04
2.792600000000000000e+04
2.793000000000000000e+04
2.793500000000000000e+04
2.793600000000000000e+04
2.794000000000000000e+04
2.794500000000000000e+04
2.795300000000000000e+04
2.795700000000000000e+04
2.797100000000000000e+04
2.798600000000000000e+04
2.798900000000000000e+04
2.800700000000000000e+04
2.801700000000000000e+04
2.802100000000000000e+04
2.802400000000000000e+04
2.802700000000000000e+04
2.803300000000000000e+04
2.803600000000000000e+04
2.805200000000000000e+04
2.805700000000000000e+04
2.805800000000000000e+04
2.807500000000000000e+04
2.808000000000000000e+04
2.808400000000000000e+04
2.808700000000000000e+04
2.811200000000000000e+04
2.811400000000000000e+04
2.812000000000000000e+04
2.812300000000000000e+04
2.813000000000000000e+04
2.813900000000000000e+04
2.815300000000000000e+04
2.815400000000000000e+04
2.815500000000000000e+04
2.815800000000000000e+04
2.819200000000000000e+04
2.819300000000000000e+04
2.819700000000000000e+04
2.819800000000000000e+04
2.819900000000000000e+04
2.820200000000000000e+04
2.821500000000000000e+04
2.822400000000000000e+04
2.823100000000000000e+04
2.823200000000000000e+04
2.823300000000000000e+04
2.824300000000000000e+04
2.825600000000000000e+04
2.826200000000000000e+04
2.828600000000000000e+04
2.830200000000000000e+04
2.830400000000000000e+04
2.831100000000000000e+04
2.831700000000000000e+04
2.832700000000000000e+04
2.833200000000000000e+04
2.833500000000000000e+04
2.834300000000000000e+04
2.835300000000000000e+04
2.835900000000000000e+04
2.836000000000000000e+04
2.836300000000000000e+04
2.836600000000000000e+04
2.837100000000000000e+04
2.837600000000000000e+04
2.837900000000000000e+04
2.838300000000000000e+04
2.838400000000000000e+04
2.838600000000000000e+04
2.840700000000000000e+04
2.841200000000000000e+04
2.842100000000000000e+04
