8.813300000000000000e+04
8.813400000000000000e+04
8.816400000000000000e+04
8.817000000000000000e+04
8.817300000000000000e+04
8.817500000000000000e+04
8.817700000000000000e+04
8.818000000000000000e+04
8.819700000000000000e+04
8.820800000000000000e+04
8.821300000000000000e+04
8.821800000000000000e+04
8.822900000000000000e+04
8.823000000000000000e+04
8.823600000000000000e+04
8.823800000000000000e+04
8.824400000000000000e+04
8.825100000000000000e+04
8.826200000000000000e+04
8.826300000000000000e+04
8.826700000000000000e+04
8.828900000000000000e+04
8.829500000000000000e+04
8.831300000000000000e+04
8.831700000000000000e+04
8.831900000000000000e+04
8.832700000000000000e+04
8.833300000000000000e+04
8.833700000000000000e+04
8.834500000000000000e+04
8.834700000000000000e+04
8.835100000000000000e+04
8.835300000000000000e+04
8.836100000000000000e+04
8.837000000000000000e+04
8.838000000000000000e+04
8.838700000000000000e+04
8.840000000000000000e+04
8.840300000000000000e+04
8.841300000000000000e+04
8.841600000000000000e+04
8.841900000000000000e+04
8.842600000000000000e+04
8.844200000000000000e+04
8.844500000000000000e+04
8.844900000000000000e+04
8.846500000000000000e+04
8.850400000000000000e+04
8.850800000000000000e+04
8.851100000000000000e+04
8.851400000000000000e+04
8.853600000000000000e+04
8.854000000000000000e+04
8.854400000000000000e+04
8.855300000000000000e+04
8.855700000000000000e+04
8.855800000000000000e+04
8.856100000000000000e+04
8.856200000000000000e+04
8.856300000000000000e+04
8.856800000000000000e+04
8.856900000000000000e+04
8.857000000000000000e+04
8.857500000000000000e+04
8.858300000000000000e+04
8.858800000000000000e+04
8.859900000000000000e+04
8.861400000000000000e+04
8.861600000000000000e+04
8.864100000000000000e+04
8.865900000000000000e+04
8.866700000000000000e+04
8.869300000000000000e+04
8.870500000000000000e+04
8.870800000000000000e+04
8.871200000000000000e+04
8.872500000000000000e+04
8.873100000000000000e+04
8.873400000000000000e+04
8.876300000000000000e+04
8.876600000000000000e+04
8.877000000000000000e+04
8.877600000000000000e+04
8.878700000000000000e+04
8.879900000000000000e+04
8.880800000000000000e+04
8.881700000000000000e+04
8.882400000000000000e+04
8.884100000000000000e+04
8.885100000000000000e+04
8.885900000000000000e+04
8.887000000000000000e+04
8.887100000000000000e+04
8.887900000000000000e+04
8.888400000000000000e+04
8.888600000000000000e+04
8.889000000000000000e+04
8.889500000000000000e+04
8.890300000000000000e+04
8.892600000000000000e+04
8.892700000000000000e+04
8.892800000000000000e+04
8.894200000000000000e+04
8.895000000000000000e+04
8.895500000000000000e+04
8.896200000000000000e+04
8.896300000000000000e+04
8.896800000000000000e+04
8.897500000000000000e+04
8.897600000000000000e+04
8.899900000000000000e+04
8.900100000000000000e+04
8.901100000000000000e+04
8.902600000000000000e+04
8.903500000000000000e+04
8.903600000000000000e+04
8.904000000000000000e+04
8.904500000000000000e+04
8.904700000000000000e+04
8.907300000000000000e+04
8.908700000000000000e+04
8.909200000000000000e+04
8.910300000000000000e+04
8.910500000000000000e+04
8.911300000000000000e+04
8.911600000000000000e+04
8.911900000000000000e+04
8.912200000000000000e+04
8.912300000000000000e+04
8.912900000000000000e+04
8.913400000000000000e+04
8.914000000000000000e+04
8.914200000000000000e+04
8.914800000000000000e+04
8.915100000000000000e+04
8.916500000000000000e+04
8.919200000000000000e+04
8.919900000000000000e+04
8.920700000000000000e+04
8.921500000000000000e+04
8.922400000000000000e+04
8.922500000000000000e+04
8.923500000000000000e+04
8.923700000000000000e+04
8.924000000000000000e+04
8.925200000000000000e+04
8.925500000000000000e+04
8.926600000000000000e+04
8.927300000000000000e+04
8.927500000000000000e+04
8.927600000000000000e+04
8.927700000000000000e+04
8.928400000000000000e+04
8.929200000000000000e+04
8.929700000000000000e+04
8.929800000000000000e+04
8.931500000000000000e+04
8.932600000000000000e+04
8.933200000000000000e+04
8.933500000000000000e+04
8.933800000000000000e+04
8.933900000000000000e+04
8.935300000000000000e+04
8.935500000000000000e+04
8.936100000000000000e+04
8.936300000000000000e+04
8.938500000000000000e+04
8.939000000000000000e+04
8.939400000000000000e+04
8.940800000000000000e+04
8.941300000000000000e+04
8.941400000000000000e+04
8.941700000000000000e+04
8.942000000000000000e+04
8.942500000000000000e+04
8.943300000000000000e+04
8.944500000000000000e+04
8.945000000000000000e+04
8.946300000000000000e+04
8.947500000000000000e+04
8.947600000000000000e+04
8.947900000000000000e+04
8.948700000000000000e+04
8.951100000000000000e+04
8.951700000000000000e+04
8.953400000000000000e+04
8.954200000000000000e+04
8.954500000000000000e+04
8.954700000000000000e+04
8.954800000000000000e+04
8.954900000000000000e+04
8.955200000000000000e+04
8.955600000000000000e+04
8.957300000000000000e+04
8.958100000000000000e+04
8.961600000000000000e+04
8.962700000000000000e+04
8.963300000000000000e+04
8.963800000000000000e+04
8.964600000000000000e+04
8.965300000000000000e+04
8.966400000000000000e+04
8.966600000000000000e+04
8.966800000000000000e+04
8.967100000000000000e+04
8.967500000000000000e+04
8.968100000000000000e+04
8.968500000000000000e+04
8.969100000000000000e+04
8.969200000000000000e+04
8.970300000000000000e+04
8.971000000000000000e+04
8.971600000000000000e+04
8.971700000000000000e+04
8.971800000000000000e+04
8.972700000000000000e+04
8.973000000000000000e+04
8.973200000000000000e+04
8.973600000000000000e+04
8.975000000000000000e+04
8.975100000000000000e+04
8.976900000000000000e+04
8.977600000000000000e+04
8.978200000000000000e+04
8.978900000000000000e+04
8.979300000000000000e+04
8.981100000000000000e+04
8.981400000000000000e+04
8.982500000000000000e+04
8.983200000000000000e+04
8.983400000000000000e+04
8.983600000000000000e+04
8.984100000000000000e+04
8.984700000000000000e+04
8.985100000000000000e+04
8.985800000000000000e+04
8.986200000000000000e+04
8.987100000000000000e+04
8.987400000000000000e+04
8.989300000000000000e+04
8.989500000000000000e+04
8.991400000000000000e+04
8.992000000000000000e+04
8.992600000000000000e+04
8.993100000000000000e+04
8.994300000000000000e+04
8.994900000000000000e+04
8.995200000000000000e+04
8.995400000000000000e+04
8.995800000000000000e+04
8.996900000000000000e+04
8.998700000000000000e+04
8.998800000000000000e+04
9.000400000000000000e+04
9.000500000000000000e+04
9.000600000000000000e+04
9.001000000000000000e+04
9.001500000000000000e+04
9.003700000000000000e+04
9.003800000000000000e+04
9.004100000000000000e+04
9.004500000000000000e+04
9.006100000000000000e+04
9.006600000000000000e+04
9.007200000000000000e+04
9.007700000000000000e+04
9.008200000000000000e+04
9.008900000000000000e+04
9.010800000000000000e+04
9.012700000000000000e+04
9.014000000000000000e+04
9.014200000000000000e+04
9.014300000000000000e+04
9.016200000000000000e+04
9.017000000000000000e+04
9.017400000000000000e+04
9.017700000000000000e+04
9.018200000000000000e+04
9.018300000000000000e+04
9.019500000000000000e+04
9.019800000000000000e+04
9.020100000000000000e+04
9.020300000000000000e+04
9.021300000000000000e+04
9.021500000000000000e+04
9.021800000000000000e+04
9.021900000000000000e+04
9.022600000000000000e+04
9.023700000000000000e+04
9.023900000000000000e+04
9.024300000000000000e+04
9.025200000000000000e+04
9.025300000000000000e+04
9.026800000000000000e+04
9.026900000000000000e+04
9.028300000000000000e+04
9.028600000000000000e+04
9.029700000000000000e+04
9.030100000000000000e+04
9.030800000000000000e+04
9.031800000000000000e+04
9.032100000000000000e+04
9.032300000000000000e+04
9.033400000000000000e+04
9.035100000000000000e+04
9.035900000000000000e+04
9.036700000000000000e+04
9.036900000000000000e+04
9.037300000000000000e+04
9.037700000000000000e+04
9.038100000000000000e+04
9.038200000000000000e+04
9.039200000000000000e+04
9.039700000000000000e+04
9.039800000000000000e+04
9.040800000000000000e+04
9.042100000000000000e+04
9.043100000000000000e+04
9.043200000000000000e+04
9.043400000000000000e+04
9.044300000000000000e+04
9.045000000000000000e+04
9.045500000000000000e+04
9.045600000000000000e+04
9.047800000000000000e+04
9.048200000000000000e+04
9.049300000000000000e+04
9.049700000000000000e+04
9.050200000000000000e+04
9.050900000000000000e+04
9.051700000000000000e+04
9.052200000000000000e+04
9.052500000000000000e+04
9.053100000000000000e+04
9.054100000000000000e+04
9.055300000000000000e+04
9.055500000000000000e+04
9.055900000000000000e+04
9.056000000000000000e+04
9.056100000000000000e+04
9.056400000000000000e+04
9.057900000000000000e+04
9.059900000000000000e+04
9.060900000000000000e+04
9.061100000000000000e+04
9.061400000000000000e+04
9.061600000000000000e+04
9.062300000000000000e+04
9.062800000000000000e+04
9.063700000000000000e+04
9.065100000000000000e+04
9.065500000000000000e+04
9.066800000000000000e+04
9.068300000000000000e+04
9.069700000000000000e+04
9.070000000000000000e+04
9.073900000000000000e+04
9.075300000000000000e+04
9.077800000000000000e+04
9.078300000000000000e+04
9.078900000000000000e+04
9.079900000000000000e+04
9.082100000000000000e+04
9.084400000000000000e+04
9.085400000000000000e+04
9.085500000000000000e+04
9.088400000000000000e+04
9.088700000000000000e+04
9.089200000000000000e+04
9.090900000000000000e+04
9.091000000000000000e+04
9.093400000000000000e+04
9.094400000000000000e+04
9.094500000000000000e+04
9.096400000000000000e+04
9.097100000000000000e+04
9.099000000000000000e+04
9.099200000000000000e+04
9.099300000000000000e+04
9.100300000000000000e+04
9.101300000000000000e+04
9.101800000000000000e+04
9.103100000000000000e+04
9.104200000000000000e+04
9.105300000000000000e+04
9.105600000000000000e+04
9.106000000000000000e+04
9.106600000000000000e+04
9.106900000000000000e+04
9.108600000000000000e+04
9.109200000000000000e+04
9.111300000000000000e+04
9.111400000000000000e+04
9.111800000000000000e+04
9.112200000000000000e+04
9.112400000000000000e+04
9.113000000000000000e+04
9.115400000000000000e+04
9.115700000000000000e+04
9.117300000000000000e+04
9.118200000000000000e+04
9.118300000000000000e+04
9.118400000000000000e+04
9.119200000000000000e+04
9.120100000000000000e+04
9.121100000000000000e+04
9.121500000000000000e+04
9.121600000000000000e+04
9.122700000000000000e+04
9.123000000000000000e+04
9.124100000000000000e+04
9.124900000000000000e+04
9.125200000000000000e+04
9.125600000000000000e+04
9.126000000000000000e+04
9.126400000000000000e+04
9.126800000000000000e+04
9.127000000000000000e+04
9.127800000000000000e+04
9.128000000000000000e+04
9.128600000000000000e+04
9.128700000000000000e+04
9.129700000000000000e+04
9.129900000000000000e+04
9.130600000000000000e+04
9.132000000000000000e+04
9.132500000000000000e+04
9.132900000000000000e+04
9.136800000000000000e+04
9.137200000000000000e+04
9.137500000000000000e+04
9.140700000000000000e+04
9.142400000000000000e+04
9.142600000000000000e+04
9.143900000000000000e+04
9.144600000000000000e+04
9.144700000000000000e+04
9.144900000000000000e+04
9.146000000000000000e+04
9.146500000000000000e+04
9.146600000000000000e+04
9.149500000000000000e+04
9.151200000000000000e+04
9.151500000000000000e+04
9.152300000000000000e+04
9.152700000000000000e+04
9.153000000000000000e+04
9.153300000000000000e+04
9.153400000000000000e+04
9.154500000000000000e+04
9.155900000000000000e+04
9.156400000000000000e+04
9.157200000000000000e+04
9.157400000000000000e+04
9.157600000000000000e+04
9.157700000000000000e+04
9.158900000000000000e+04
9.159300000000000000e+04
9.159600000000000000e+04
9.160700000000000000e+04
9.161300000000000000e+04
9.161600000000000000e+04
9.161800000000000000e+04
9.162100000000000000e+04
9.162300000000000000e+04
9.162700000000000000e+04
9.163900000000000000e+04
9.164000000000000000e+04
9.164300000000000000e+04
9.164800000000000000e+04
9.166200000000000000e+04
9.168000000000000000e+04
9.168200000000000000e+04
9.169400000000000000e+04
9.170300000000000000e+04
9.170800000000000000e+04
9.172800000000000000e+04
9.174900000000000000e+04
9.175100000000000000e+04
9.176100000000000000e+04
9.176600000000000000e+04
9.177000000000000000e+04
9.177300000000000000e+04
9.178000000000000000e+04
9.178700000000000000e+04
9.179000000000000000e+04
9.180400000000000000e+04
9.180900000000000000e+04
9.181400000000000000e+04
9.181700000000000000e+04
9.183700000000000000e+04
9.183900000000000000e+04
9.185200000000000000e+04
9.189200000000000000e+04
9.189700000000000000e+04
9.191100000000000000e+04
9.192800000000000000e+04
9.193300000000000000e+04
9.194000000000000000e+04
9.194200000000000000e+04
9.195500000000000000e+04
9.195800000000000000e+04
9.196500000000000000e+04
9.196800000000000000e+04
9.197500000000000000e+04
9.197600000000000000e+04
9.197900000000000000e+04
9.199400000000000000e+04
9.200000000000000000e+04
9.200400000000000000e+04
9.200800000000000000e+04
9.201400000000000000e+04
9.201500000000000000e+04
9.202900000000000000e+04
9.205000000000000000e+04
9.206300000000000000e+04
9.206700000000000000e+04
9.206900000000000000e+04
9.207300000000000000e+04
9.208100000000000000e+04
9.208200000000000000e+04
9.208700000000000000e+04
9.210200000000000000e+04
9.210800000000000000e+04
9.211300000000000000e+04
9.211400000000000000e+04
9.211500000000000000e+04
9.211600000000000000e+04
9.211700000000000000e+04
9.212100000000000000e+04
9.212300000000000000e+04
9.213000000000000000e+04
9.213300000000000000e+04
9.213700000000000000e+04
9.214000000000000000e+04
9.215800000000000000e+04
9.217400000000000000e+04
9.217700000000000000e+04
9.218800000000000000e+04
9.219200000000000000e+04
9.220100000000000000e+04
9.220700000000000000e+04
9.221000000000000000e+04
9.221300000000000000e+04
9.221800000000000000e+04
9.222200000000000000e+04
9.223400000000000000e+04
9.225300000000000000e+04
9.225900000000000000e+04
9.227400000000000000e+04
9.228600000000000000e+04
9.229600000000000000e+04
9.229700000000000000e+04
9.230900000000000000e+04
9.232200000000000000e+04
9.233800000000000000e+04
9.234100000000000000e+04
9.234200000000000000e+04
9.235200000000000000e+04
9.236700000000000000e+04
9.236900000000000000e+04
9.237600000000000000e+04
9.238100000000000000e+04
9.238400000000000000e+04
9.239700000000000000e+04
9.240300000000000000e+04
9.240700000000000000e+04
9.241200000000000000e+04
9.241500000000000000e+04
9.241600000000000000e+04
9.242200000000000000e+04
9.242300000000000000e+04
9.243000000000000000e+04
9.243400000000000000e+04
9.244100000000000000e+04
9.244700000000000000e+04
9.244900000000000000e+04
9.245100000000000000e+04
9.245700000000000000e+04
9.246000000000000000e+04
9.246700000000000000e+04
9.247100000000000000e+04
9.248700000000000000e+04
9.249400000000000000e+04
9.250500000000000000e+04
9.250900000000000000e+04
9.251100000000000000e+04
9.252100000000000000e+04
9.252300000000000000e+04
9.252800000000000000e+04
9.253400000000000000e+04
9.253900000000000000e+04
9.255400000000000000e+04
9.255800000000000000e+04
9.255900000000000000e+04
9.256100000000000000e+04
9.256200000000000000e+04
9.257000000000000000e+04
9.257800000000000000e+04
9.258100000000000000e+04
9.259200000000000000e+04
9.259300000000000000e+04
9.259500000000000000e+04
9.259600000000000000e+04
9.259800000000000000e+04
9.259900000000000000e+04
9.260100000000000000e+04
9.261600000000000000e+04
9.261900000000000000e+04
9.262000000000000000e+04
9.262100000000000000e+04
9.262300000000000000e+04
9.263300000000000000e+04
9.263400000000000000e+04
9.263700000000000000e+04
9.266700000000000000e+04
9.267900000000000000e+04
9.268700000000000000e+04
9.269300000000000000e+04
9.269700000000000000e+04
9.271000000000000000e+04
9.271800000000000000e+04
9.272000000000000000e+04
9.272100000000000000e+04
9.273700000000000000e+04
9.274700000000000000e+04
9.275400000000000000e+04
9.275700000000000000e+04
9.276500000000000000e+04
9.277000000000000000e+04
9.277500000000000000e+04
9.277900000000000000e+04
9.278400000000000000e+04
9.279400000000000000e+04
9.279800000000000000e+04
9.280800000000000000e+04
9.281700000000000000e+04
9.283200000000000000e+04
9.284000000000000000e+04
9.284100000000000000e+04
9.285000000000000000e+04
9.285300000000000000e+04
9.286000000000000000e+04
9.286400000000000000e+04
9.286800000000000000e+04
9.287500000000000000e+04
9.290700000000000000e+04
9.293700000000000000e+04
9.294300000000000000e+04
9.294900000000000000e+04
9.295100000000000000e+04
9.295500000000000000e+04
9.295700000000000000e+04
9.296900000000000000e+04
9.297400000000000000e+04
9.298300000000000000e+04
9.299500000000000000e+04
9.299900000000000000e+04
9.300200000000000000e+04
9.300300000000000000e+04
9.301000000000000000e+04
9.301500000000000000e+04
9.302400000000000000e+04
9.304000000000000000e+04
9.304800000000000000e+04
9.305200000000000000e+04
9.306400000000000000e+04
9.307400000000000000e+04
9.307800000000000000e+04
9.308300000000000000e+04
9.309600000000000000e+04
9.310000000000000000e+04
9.311100000000000000e+04
9.311300000000000000e+04
9.311600000000000000e+04
9.311700000000000000e+04
9.311800000000000000e+04
9.312500000000000000e+04
9.312700000000000000e+04
9.312900000000000000e+04
9.314200000000000000e+04
9.315100000000000000e+04
9.316200000000000000e+04
9.316300000000000000e+04
9.316600000000000000e+04
9.316700000000000000e+04
9.316800000000000000e+04
9.317200000000000000e+04
9.318500000000000000e+04
9.319500000000000000e+04
9.319600000000000000e+04
9.321000000000000000e+04
9.321400000000000000e+04
9.321700000000000000e+04
9.322900000000000000e+04
9.323600000000000000e+04
9.325000000000000000e+04
9.325500000000000000e+04
9.326600000000000000e+04
9.326900000000000000e+04
9.327300000000000000e+04
9.328100000000000000e+04
9.329600000000000000e+04
9.329700000000000000e+04
9.330300000000000000e+04
9.330800000000000000e+04
9.330900000000000000e+04
9.331000000000000000e+04
9.331200000000000000e+04
9.332400000000000000e+04
9.332700000000000000e+04
9.334500000000000000e+04
9.336100000000000000e+04
9.336600000000000000e+04
9.336900000000000000e+04
9.338200000000000000e+04
9.338900000000000000e+04
9.339300000000000000e+04
9.340600000000000000e+04
9.340900000000000000e+04
9.343000000000000000e+04
9.344700000000000000e+04
9.345800000000000000e+04
9.345900000000000000e+04
9.347500000000000000e+04
9.349100000000000000e+04
9.349400000000000000e+04
9.351600000000000000e+04
9.353000000000000000e+04
9.353400000000000000e+04
9.354500000000000000e+04
9.355300000000000000e+04
9.355500000000000000e+04
9.356800000000000000e+04
9.357200000000000000e+04
9.358400000000000000e+04
9.359000000000000000e+04
9.359100000000000000e+04
9.360500000000000000e+04
9.362200000000000000e+04
9.362500000000000000e+04
9.362700000000000000e+04
9.362800000000000000e+04
9.363400000000000000e+04
9.364600000000000000e+04
9.365100000000000000e+04
9.366100000000000000e+04
9.366600000000000000e+04
9.366700000000000000e+04
9.366900000000000000e+04
9.367000000000000000e+04
9.367500000000000000e+04
9.368100000000000000e+04
9.370300000000000000e+04
9.370900000000000000e+04
9.371100000000000000e+04
9.371700000000000000e+04
9.372000000000000000e+04
9.372400000000000000e+04
9.373900000000000000e+04
9.374500000000000000e+04
9.374700000000000000e+04
9.375300000000000000e+04
9.375900000000000000e+04
9.376900000000000000e+04
9.377300000000000000e+04
9.377800000000000000e+04
9.378900000000000000e+04
9.379100000000000000e+04
9.379300000000000000e+04
9.379600000000000000e+04
9.381500000000000000e+04
9.382800000000000000e+04
9.382900000000000000e+04
9.383000000000000000e+04
9.383600000000000000e+04
9.383900000000000000e+04
9.384400000000000000e+04
9.385600000000000000e+04
9.385800000000000000e+04
9.386300000000000000e+04
9.386800000000000000e+04
9.386900000000000000e+04
9.387000000000000000e+04
9.388000000000000000e+04
9.388300000000000000e+04
9.389000000000000000e+04
9.389700000000000000e+04
9.390900000000000000e+04
9.393300000000000000e+04
9.394600000000000000e+04
9.396500000000000000e+04
9.396700000000000000e+04
9.397300000000000000e+04
9.398600000000000000e+04
9.398800000000000000e+04
9.399200000000000000e+04
9.400200000000000000e+04
9.401300000000000000e+04
9.404200000000000000e+04
9.404400000000000000e+04
9.404800000000000000e+04
9.405700000000000000e+04
9.405800000000000000e+04
9.406300000000000000e+04
9.406800000000000000e+04
9.407900000000000000e+04
9.408200000000000000e+04
9.408400000000000000e+04
9.408900000000000000e+04
9.409200000000000000e+04
9.409400000000000000e+04
9.410100000000000000e+04
9.411500000000000000e+04
9.411800000000000000e+04
9.412400000000000000e+04
9.414300000000000000e+04
9.416700000000000000e+04
9.417600000000000000e+04
9.417900000000000000e+04
9.418000000000000000e+04
9.419600000000000000e+04
9.421600000000000000e+04
9.421700000000000000e+04
9.422500000000000000e+04
9.423100000000000000e+04
9.424300000000000000e+04
9.425600000000000000e+04
9.425700000000000000e+04
9.427400000000000000e+04
9.427500000000000000e+04
9.429600000000000000e+04
9.429800000000000000e+04
9.429900000000000000e+04
9.431100000000000000e+04
9.432100000000000000e+04
9.432600000000000000e+04
9.433200000000000000e+04
9.433500000000000000e+04
9.433600000000000000e+04
9.434400000000000000e+04
9.435900000000000000e+04
9.436300000000000000e+04
9.436900000000000000e+04
9.437200000000000000e+04
9.437900000000000000e+04
9.438100000000000000e+04
9.438900000000000000e+04
9.439500000000000000e+04
9.440200000000000000e+04
9.441000000000000000e+04
9.441100000000000000e+04
9.441200000000000000e+04
9.441900000000000000e+04
9.443000000000000000e+04
9.443300000000000000e+04
9.443400000000000000e+04
9.444800000000000000e+04
9.444900000000000000e+04
9.445100000000000000e+04
9.445900000000000000e+04
9.446100000000000000e+04
9.446500000000000000e+04
9.447300000000000000e+04
9.447700000000000000e+04
9.448700000000000000e+04
9.448900000000000000e+04
9.450100000000000000e+04
9.450500000000000000e+04
9.453400000000000000e+04
9.454900000000000000e+04
9.455600000000000000e+04
9.456600000000000000e+04
9.456900000000000000e+04
9.461800000000000000e+04
9.462200000000000000e+04
9.462400000000000000e+04
9.464400000000000000e+04
9.465900000000000000e+04
9.468200000000000000e+04
9.468600000000000000e+04
9.468800000000000000e+04
9.469200000000000000e+04
9.471100000000000000e+04
9.471300000000000000e+04
9.472200000000000000e+04
9.472900000000000000e+04
9.474200000000000000e+04
9.474300000000000000e+04
9.475100000000000000e+04
9.475200000000000000e+04
9.477300000000000000e+04
9.477800000000000000e+04
9.478300000000000000e+04
9.478900000000000000e+04
9.479200000000000000e+04
9.479600000000000000e+04
9.479700000000000000e+04
9.480600000000000000e+04
9.481700000000000000e+04
9.482600000000000000e+04
9.482700000000000000e+04
9.486200000000000000e+04
9.487200000000000000e+04
9.487800000000000000e+04
9.488100000000000000e+04
9.488400000000000000e+04
9.489500000000000000e+04
9.490400000000000000e+04
9.491300000000000000e+04
9.491900000000000000e+04
9.492400000000000000e+04
9.493200000000000000e+04
9.493800000000000000e+04
9.494300000000000000e+04
9.494500000000000000e+04
9.495200000000000000e+04
9.495400000000000000e+04
9.495600000000000000e+04
9.496200000000000000e+04
9.497300000000000000e+04
9.497400000000000000e+04
9.498000000000000000e+04
9.498100000000000000e+04
9.499200000000000000e+04
9.499500000000000000e+04
9.499800000000000000e+04
9.500100000000000000e+04
9.502300000000000000e+04
9.502500000000000000e+04
9.503100000000000000e+04
9.503900000000000000e+04
9.506400000000000000e+04
9.506700000000000000e+04
9.507400000000000000e+04
9.508200000000000000e+04
9.508300000000000000e+04
9.508500000000000000e+04
9.508900000000000000e+04
9.509400000000000000e+04
9.509900000000000000e+04
9.510400000000000000e+04
9.510500000000000000e+04
9.510600000000000000e+04
9.510900000000000000e+04
9.511700000000000000e+04
9.512200000000000000e+04
9.512600000000000000e+04
9.513400000000000000e+04
9.514000000000000000e+04
9.514700000000000000e+04
9.514900000000000000e+04
9.517200000000000000e+04
9.518700000000000000e+04
9.518800000000000000e+04
9.519000000000000000e+04
9.519700000000000000e+04
9.520000000000000000e+04
9.520300000000000000e+04
9.520800000000000000e+04
9.521200000000000000e+04
9.521800000000000000e+04
9.522500000000000000e+04
9.522900000000000000e+04
9.524900000000000000e+04
9.525700000000000000e+04
9.526100000000000000e+04
9.526500000000000000e+04
9.527000000000000000e+04
9.527100000000000000e+04
9.527400000000000000e+04
9.527500000000000000e+04
9.527600000000000000e+04
9.528000000000000000e+04
9.528300000000000000e+04
9.528800000000000000e+04
9.529300000000000000e+04
9.529700000000000000e+04
9.529900000000000000e+04
9.531200000000000000e+04
9.531500000000000000e+04
9.532100000000000000e+04
9.532300000000000000e+04
9.533700000000000000e+04
9.534700000000000000e+04
9.535500000000000000e+04
9.537000000000000000e+04
9.537200000000000000e+04
9.537300000000000000e+04
9.539100000000000000e+04
9.539600000000000000e+04
9.539700000000000000e+04
9.540200000000000000e+04
9.540700000000000000e+04
9.540900000000000000e+04
9.542500000000000000e+04
9.542900000000000000e+04
9.543400000000000000e+04
9.543600000000000000e+04
9.544400000000000000e+04
9.545000000000000000e+04
9.545200000000000000e+04
9.547200000000000000e+04
9.547500000000000000e+04
9.548100000000000000e+04
9.548200000000000000e+04
9.549000000000000000e+04
9.551200000000000000e+04
9.551300000000000000e+04
9.551800000000000000e+04
9.552000000000000000e+04
9.553100000000000000e+04
9.553200000000000000e+04
9.553400000000000000e+04
9.553700000000000000e+04
9.554700000000000000e+04
9.555300000000000000e+04
9.555400000000000000e+04
9.556300000000000000e+04
9.557200000000000000e+04
9.557600000000000000e+04
9.559000000000000000e+04
9.559300000000000000e+04
9.559400000000000000e+04
9.560300000000000000e+04
9.560600000000000000e+04
9.561300000000000000e+04
9.561700000000000000e+04
9.561900000000000000e+04
9.562800000000000000e+04
9.563000000000000000e+04
9.564700000000000000e+04
9.565100000000000000e+04
9.566200000000000000e+04
9.566900000000000000e+04
9.567900000000000000e+04
9.568400000000000000e+04
9.568800000000000000e+04
9.570800000000000000e+04
9.570900000000000000e+04
9.573100000000000000e+04
9.573500000000000000e+04
9.573900000000000000e+04
9.574700000000000000e+04
9.574900000000000000e+04
9.575800000000000000e+04
9.576200000000000000e+04
9.576600000000000000e+04
9.577100000000000000e+04
9.577500000000000000e+04
9.577800000000000000e+04
9.579000000000000000e+04
9.579100000000000000e+04
9.579500000000000000e+04
9.579800000000000000e+04
9.581300000000000000e+04
9.582500000000000000e+04
9.582800000000000000e+04
9.582900000000000000e+04
9.584200000000000000e+04
9.584700000000000000e+04
9.584800000000000000e+04
9.585100000000000000e+04
9.585700000000000000e+04
9.585800000000000000e+04
9.586100000000000000e+04
9.586800000000000000e+04
9.587300000000000000e+04
9.588800000000000000e+04
9.589000000000000000e+04
9.589400000000000000e+04
9.589800000000000000e+04
9.589900000000000000e+04
9.591000000000000000e+04
9.592200000000000000e+04
9.592800000000000000e+04
9.594800000000000000e+04
9.595800000000000000e+04
9.596100000000000000e+04
9.596200000000000000e+04
9.597100000000000000e+04
9.598700000000000000e+04
9.599300000000000000e+04
9.599800000000000000e+04
9.599900000000000000e+04
9.600000000000000000e+04
9.601900000000000000e+04
9.602100000000000000e+04
9.602600000000000000e+04
9.604900000000000000e+04
9.606100000000000000e+04
9.606200000000000000e+04
9.606900000000000000e+04
9.607200000000000000e+04
9.608300000000000000e+04
9.608500000000000000e+04
9.608700000000000000e+04
9.610600000000000000e+04
9.611100000000000000e+04
9.613000000000000000e+04
9.615000000000000000e+04
9.617200000000000000e+04
9.617700000000000000e+04
9.618400000000000000e+04
9.618500000000000000e+04
9.619300000000000000e+04
9.619600000000000000e+04
9.620200000000000000e+04
9.620500000000000000e+04
9.620600000000000000e+04
9.622100000000000000e+04
9.622400000000000000e+04
9.623200000000000000e+04
9.623900000000000000e+04
9.624800000000000000e+04
9.625200000000000000e+04
9.626200000000000000e+04
9.626400000000000000e+04
9.627000000000000000e+04
9.630000000000000000e+04
9.630200000000000000e+04
9.632600000000000000e+04
9.633900000000000000e+04
9.635100000000000000e+04
9.636500000000000000e+04
9.636700000000000000e+04
9.637500000000000000e+04
9.638000000000000000e+04
9.638200000000000000e+04
9.638400000000000000e+04
9.638900000000000000e+04
9.639700000000000000e+04
9.642300000000000000e+04
9.642600000000000000e+04
9.643200000000000000e+04
9.643900000000000000e+04
9.644100000000000000e+04
9.644600000000000000e+04
9.644800000000000000e+04
9.644900000000000000e+04
9.645000000000000000e+04
9.645200000000000000e+04
9.646700000000000000e+04
9.646800000000000000e+04
9.647400000000000000e+04
9.647600000000000000e+04
9.648200000000000000e+04
9.648400000000000000e+04
9.649300000000000000e+04
9.649400000000000000e+04
9.649800000000000000e+04
9.651200000000000000e+04
9.651700000000000000e+04
9.652000000000000000e+04
9.653200000000000000e+04
9.653500000000000000e+04
9.653700000000000000e+04
9.656100000000000000e+04
9.656700000000000000e+04
9.656800000000000000e+04
9.657600000000000000e+04
9.657900000000000000e+04
9.658200000000000000e+04
9.659400000000000000e+04
9.659900000000000000e+04
9.662100000000000000e+04
9.662500000000000000e+04
9.665100000000000000e+04
9.665600000000000000e+04
9.665900000000000000e+04
9.666400000000000000e+04
9.666600000000000000e+04
9.667100000000000000e+04
9.667300000000000000e+04
9.667400000000000000e+04
9.668400000000000000e+04
9.670900000000000000e+04
9.671100000000000000e+04
9.671300000000000000e+04
9.671500000000000000e+04
9.672300000000000000e+04
9.673000000000000000e+04
9.673700000000000000e+04
9.673800000000000000e+04
9.675200000000000000e+04
9.675500000000000000e+04
9.675600000000000000e+04
9.676700000000000000e+04
9.677300000000000000e+04
9.677600000000000000e+04
9.678800000000000000e+04
9.679700000000000000e+04
9.680400000000000000e+04
9.681300000000000000e+04
9.681800000000000000e+04
9.682100000000000000e+04
9.682500000000000000e+04
9.682600000000000000e+04
9.683100000000000000e+04
9.684700000000000000e+04
9.685000000000000000e+04
9.685200000000000000e+04
9.686500000000000000e+04
9.686700000000000000e+04
9.688600000000000000e+04
9.689700000000000000e+04
9.690200000000000000e+04
9.690300000000000000e+04
9.690900000000000000e+04
9.691700000000000000e+04
9.692400000000000000e+04
9.692800000000000000e+04
9.693900000000000000e+04
9.694700000000000000e+04
9.696200000000000000e+04
9.696800000000000000e+04
9.696900000000000000e+04
9.698200000000000000e+04
9.698800000000000000e+04
9.699200000000000000e+04
9.700300000000000000e+04
9.700400000000000000e+04
9.702400000000000000e+04
9.702600000000000000e+04
9.703400000000000000e+04
9.703800000000000000e+04
9.703900000000000000e+04
9.704000000000000000e+04
9.705000000000000000e+04
9.705500000000000000e+04
9.706200000000000000e+04
9.706800000000000000e+04
9.708000000000000000e+04
9.708500000000000000e+04
9.708600000000000000e+04
9.709100000000000000e+04
9.711300000000000000e+04
9.711500000000000000e+04
9.712200000000000000e+04
9.712700000000000000e+04
9.712800000000000000e+04
9.713600000000000000e+04
9.713700000000000000e+04
9.714000000000000000e+04
9.714600000000000000e+04
9.714800000000000000e+04
9.715100000000000000e+04
9.715200000000000000e+04
9.715700000000000000e+04
9.717100000000000000e+04
9.717400000000000000e+04
9.717800000000000000e+04
9.717900000000000000e+04
9.718200000000000000e+04
9.718400000000000000e+04
9.719400000000000000e+04
9.719800000000000000e+04
9.720000000000000000e+04
9.721100000000000000e+04
9.721900000000000000e+04
9.723900000000000000e+04
9.724000000000000000e+04
9.724300000000000000e+04
9.725700000000000000e+04
9.727000000000000000e+04
9.730400000000000000e+04
9.732000000000000000e+04
9.733000000000000000e+04
9.733100000000000000e+04
9.733200000000000000e+04
9.733400000000000000e+04
9.733800000000000000e+04
9.734500000000000000e+04
9.734800000000000000e+04
9.735000000000000000e+04
9.735200000000000000e+04
9.736200000000000000e+04
9.736900000000000000e+04
9.737500000000000000e+04
9.738300000000000000e+04
9.738900000000000000e+04
9.739200000000000000e+04
9.740200000000000000e+04
9.740600000000000000e+04
9.740800000000000000e+04
9.741600000000000000e+04
9.741700000000000000e+04
9.744400000000000000e+04
9.744500000000000000e+04
9.744800000000000000e+04
9.745000000000000000e+04
9.745700000000000000e+04
9.746000000000000000e+04
9.746300000000000000e+04
9.747800000000000000e+04
9.748600000000000000e+04
9.749100000000000000e+04
9.749500000000000000e+04
9.750100000000000000e+04
9.750400000000000000e+04
9.750600000000000000e+04
9.750700000000000000e+04
9.752000000000000000e+04
9.752400000000000000e+04
9.752700000000000000e+04
9.753400000000000000e+04
9.753900000000000000e+04
9.754300000000000000e+04
9.754800000000000000e+04
9.755000000000000000e+04
9.756100000000000000e+04
9.756400000000000000e+04
9.758600000000000000e+04
9.758700000000000000e+04
9.759100000000000000e+04
9.760000000000000000e+04
9.760700000000000000e+04
9.761300000000000000e+04
9.762000000000000000e+04
9.762200000000000000e+04
9.762500000000000000e+04
9.763300000000000000e+04
9.764000000000000000e+04
9.766000000000000000e+04
9.766200000000000000e+04
9.767900000000000000e+04
9.769000000000000000e+04
9.770000000000000000e+04
9.770100000000000000e+04
9.772300000000000000e+04
9.773800000000000000e+04
9.774700000000000000e+04
9.774800000000000000e+04
9.776100000000000000e+04
9.776500000000000000e+04
9.777300000000000000e+04
9.777600000000000000e+04
9.777700000000000000e+04
9.779400000000000000e+04
9.779500000000000000e+04
9.779800000000000000e+04
9.780200000000000000e+04
9.780400000000000000e+04
9.781300000000000000e+04
9.782400000000000000e+04
9.783000000000000000e+04
9.783100000000000000e+04
9.783400000000000000e+04
9.783900000000000000e+04
9.784200000000000000e+04
9.785800000000000000e+04
9.786900000000000000e+04
9.787000000000000000e+04
9.787500000000000000e+04
9.788600000000000000e+04
9.789000000000000000e+04
9.789900000000000000e+04
9.790400000000000000e+04
9.791400000000000000e+04
9.791600000000000000e+04
9.792100000000000000e+04
9.792200000000000000e+04
9.792500000000000000e+04
9.794100000000000000e+04
9.794600000000000000e+04
9.794700000000000000e+04
9.794800000000000000e+04
9.795200000000000000e+04
9.795800000000000000e+04
9.797100000000000000e+04
9.797500000000000000e+04
9.798600000000000000e+04
9.799200000000000000e+04
9.799300000000000000e+04
9.799500000000000000e+04
9.800000000000000000e+04
9.800400000000000000e+04
9.802300000000000000e+04
9.802600000000000000e+04
9.803200000000000000e+04
9.803300000000000000e+04
9.804400000000000000e+04
9.804800000000000000e+04
9.806900000000000000e+04
9.807200000000000000e+04
9.807300000000000000e+04
9.808400000000000000e+04
9.808500000000000000e+04
9.808600000000000000e+04
9.809600000000000000e+04
9.809900000000000000e+04
9.810300000000000000e+04
9.810500000000000000e+04
9.811000000000000000e+04
9.811300000000000000e+04
9.811900000000000000e+04
9.812100000000000000e+04
9.812500000000000000e+04
9.812800000000000000e+04
9.814600000000000000e+04
9.816100000000000000e+04
9.816500000000000000e+04
9.817000000000000000e+04
9.817600000000000000e+04
9.818200000000000000e+04
9.818500000000000000e+04
9.818700000000000000e+04
9.819400000000000000e+04
9.819900000000000000e+04
9.820100000000000000e+04
9.821400000000000000e+04
9.822600000000000000e+04
9.824200000000000000e+04
9.825100000000000000e+04
9.825300000000000000e+04
9.825400000000000000e+04
9.825700000000000000e+04
9.826100000000000000e+04
9.826200000000000000e+04
9.826800000000000000e+04
9.828200000000000000e+04
9.828400000000000000e+04
9.830200000000000000e+04
9.831000000000000000e+04
9.831100000000000000e+04
9.831600000000000000e+04
9.832200000000000000e+04
9.835300000000000000e+04
9.837900000000000000e+04
9.838000000000000000e+04
9.840600000000000000e+04
9.842500000000000000e+04
9.843200000000000000e+04
9.843500000000000000e+04
9.844100000000000000e+04
9.844300000000000000e+04
9.845700000000000000e+04
9.846000000000000000e+04
9.846500000000000000e+04
9.846700000000000000e+04
9.847700000000000000e+04
9.848300000000000000e+04
9.848800000000000000e+04
9.851100000000000000e+04
9.852900000000000000e+04
9.853000000000000000e+04
9.857100000000000000e+04
9.857300000000000000e+04
9.857700000000000000e+04
9.858300000000000000e+04
9.858400000000000000e+04
9.859600000000000000e+04
9.859800000000000000e+04
9.860800000000000000e+04
9.861300000000000000e+04
9.861800000000000000e+04
9.861900000000000000e+04
9.863000000000000000e+04
9.865000000000000000e+04
9.867000000000000000e+04
9.867500000000000000e+04
9.867900000000000000e+04
9.868200000000000000e+04
9.868600000000000000e+04
9.869000000000000000e+04
9.869200000000000000e+04
9.869700000000000000e+04
9.869800000000000000e+04
9.870300000000000000e+04
9.871700000000000000e+04
9.872100000000000000e+04
9.873500000000000000e+04
9.873800000000000000e+04
9.874500000000000000e+04
9.875600000000000000e+04
9.876400000000000000e+04
9.877600000000000000e+04
9.878100000000000000e+04
9.878200000000000000e+04
9.879100000000000000e+04
9.879400000000000000e+04
9.879500000000000000e+04
9.880600000000000000e+04
9.882200000000000000e+04
9.882300000000000000e+04
9.882500000000000000e+04
9.883100000000000000e+04
9.883200000000000000e+04
9.884400000000000000e+04
9.885200000000000000e+04
9.886000000000000000e+04
9.886100000000000000e+04
9.886800000000000000e+04
9.888400000000000000e+04
9.888700000000000000e+04
9.888900000000000000e+04
9.890100000000000000e+04
9.891300000000000000e+04
9.892300000000000000e+04
9.893000000000000000e+04
9.893500000000000000e+04
9.893900000000000000e+04
9.894300000000000000e+04
9.894600000000000000e+04
9.894900000000000000e+04
9.900500000000000000e+04
9.901300000000000000e+04
9.902300000000000000e+04
9.902800000000000000e+04
9.903000000000000000e+04
9.903800000000000000e+04
9.903900000000000000e+04
9.904700000000000000e+04
9.905200000000000000e+04
9.906600000000000000e+04
9.906700000000000000e+04
9.907100000000000000e+04
9.907300000000000000e+04
9.908000000000000000e+04
9.908700000000000000e+04
9.908900000000000000e+04
9.910100000000000000e+04
9.910500000000000000e+04
9.912000000000000000e+04
9.912200000000000000e+04
9.912400000000000000e+04
9.912500000000000000e+04
9.913100000000000000e+04
9.913700000000000000e+04
9.914700000000000000e+04
9.914900000000000000e+04
9.915600000000000000e+04
9.915900000000000000e+04
9.916600000000000000e+04
9.917500000000000000e+04
9.917600000000000000e+04
9.917700000000000000e+04
9.917900000000000000e+04
9.918100000000000000e+04
9.918500000000000000e+04
9.919800000000000000e+04
9.920900000000000000e+04
9.921300000000000000e+04
9.922500000000000000e+04
9.923100000000000000e+04
9.923300000000000000e+04
9.924100000000000000e+04
9.924300000000000000e+04
9.924400000000000000e+04
9.925500000000000000e+04
9.925700000000000000e+04
9.925900000000000000e+04
9.926700000000000000e+04
9.927200000000000000e+04
9.927300000000000000e+04
9.927500000000000000e+04
9.927800000000000000e+04
9.930500000000000000e+04
9.931300000000000000e+04
9.931400000000000000e+04
9.932200000000000000e+04
9.932300000000000000e+04
9.933100000000000000e+04
9.933700000000000000e+04
9.934800000000000000e+04
9.935000000000000000e+04
9.935500000000000000e+04
9.935600000000000000e+04
9.935700000000000000e+04
9.936100000000000000e+04
9.936600000000000000e+04
9.938000000000000000e+04
9.938200000000000000e+04
9.938800000000000000e+04
9.939200000000000000e+04
9.939400000000000000e+04
9.940100000000000000e+04
9.940300000000000000e+04
9.940600000000000000e+04
9.941400000000000000e+04
9.942700000000000000e+04
9.943400000000000000e+04
9.944200000000000000e+04
9.944800000000000000e+04
9.945000000000000000e+04
9.945300000000000000e+04
9.946800000000000000e+04
9.947000000000000000e+04
9.947400000000000000e+04
9.948400000000000000e+04
9.949000000000000000e+04
9.949400000000000000e+04
9.949500000000000000e+04
9.950200000000000000e+04
9.950300000000000000e+04
9.950800000000000000e+04
9.950900000000000000e+04
9.951100000000000000e+04
9.951300000000000000e+04
9.951600000000000000e+04
9.952800000000000000e+04
9.954000000000000000e+04
9.954700000000000000e+04
9.955000000000000000e+04
9.956200000000000000e+04
9.956700000000000000e+04
9.958100000000000000e+04
9.958900000000000000e+04
9.959500000000000000e+04
9.959700000000000000e+04
9.960500000000000000e+04
9.961500000000000000e+04
9.962500000000000000e+04
9.962700000000000000e+04
9.962800000000000000e+04
9.963300000000000000e+04
9.964200000000000000e+04
9.964900000000000000e+04
9.965500000000000000e+04
9.966500000000000000e+04
9.967200000000000000e+04
9.967800000000000000e+04
9.968900000000000000e+04
9.970800000000000000e+04
9.970900000000000000e+04
9.972000000000000000e+04
9.972700000000000000e+04
9.975500000000000000e+04
9.975600000000000000e+04
9.975900000000000000e+04
9.976300000000000000e+04
9.976600000000000000e+04
9.977500000000000000e+04
9.977600000000000000e+04
9.979900000000000000e+04
9.980100000000000000e+04
9.980500000000000000e+04
9.981300000000000000e+04
9.981700000000000000e+04
9.982300000000000000e+04
9.982500000000000000e+04
9.983300000000000000e+04
9.983500000000000000e+04
9.983700000000000000e+04
9.984300000000000000e+04
9.984800000000000000e+04
9.985700000000000000e+04
9.985800000000000000e+04
9.986500000000000000e+04
9.987300000000000000e+04
9.988700000000000000e+04
9.991100000000000000e+04
9.991700000000000000e+04
9.992100000000000000e+04
9.994100000000000000e+04
9.994200000000000000e+04
9.994500000000000000e+04
9.995100000000000000e+04
9.996200000000000000e+04
9.996300000000000000e+04
9.997400000000000000e+04
9.997800000000000000e+04
9.998100000000000000e+04
9.998200000000000000e+04
9.999300000000000000e+04
1.000000000000000000e+05
1.000010000000000000e+05
1.000020000000000000e+05
1.000030000000000000e+05
1.000170000000000000e+05
1.000270000000000000e+05
1.000290000000000000e+05
1.000310000000000000e+05
1.000330000000000000e+05
1.000350000000000000e+05
1.000410000000000000e+05
1.000530000000000000e+05
1.000600000000000000e+05
1.000620000000000000e+05
1.000650000000000000e+05
1.000660000000000000e+05
1.000690000000000000e+05
1.000730000000000000e+05
1.000780000000000000e+05
1.000800000000000000e+05
1.000880000000000000e+05
1.001100000000000000e+05
1.001120000000000000e+05
1.001140000000000000e+05
1.001190000000000000e+05
1.001360000000000000e+05
1.001370000000000000e+05
1.001400000000000000e+05
1.001470000000000000e+05
1.001480000000000000e+05
1.001540000000000000e+05
1.001630000000000000e+05
1.001650000000000000e+05
1.001690000000000000e+05
1.001760000000000000e+05
1.001770000000000000e+05
1.001880000000000000e+05
1.001900000000000000e+05
1.002020000000000000e+05
1.002090000000000000e+05
1.002110000000000000e+05
1.002120000000000000e+05
1.002130000000000000e+05
1.002140000000000000e+05
1.002200000000000000e+05
1.002260000000000000e+05
1.002300000000000000e+05
1.002390000000000000e+05
1.002710000000000000e+05
1.002730000000000000e+05
1.002790000000000000e+05
1.002810000000000000e+05
1.002900000000000000e+05
1.003020000000000000e+05
1.003050000000000000e+05
1.003120000000000000e+05
1.003140000000000000e+05
1.003160000000000000e+05
1.003180000000000000e+05
1.003370000000000000e+05
1.003450000000000000e+05
1.003480000000000000e+05
1.003510000000000000e+05
1.003720000000000000e+05
1.003820000000000000e+05
1.003950000000000000e+05
1.003970000000000000e+05
1.004090000000000000e+05
1.004230000000000000e+05
1.004320000000000000e+05
1.004490000000000000e+05
1.004600000000000000e+05
1.004650000000000000e+05
1.004680000000000000e+05
1.004710000000000000e+05
1.004810000000000000e+05
1.004830000000000000e+05
1.005260000000000000e+05
1.005330000000000000e+05
1.005370000000000000e+05
1.005380000000000000e+05
1.005560000000000000e+05
1.005620000000000000e+05
1.005690000000000000e+05
1.005720000000000000e+05
1.005800000000000000e+05
1.005910000000000000e+05
1.006120000000000000e+05
1.006250000000000000e+05
1.006300000000000000e+05
1.006390000000000000e+05
1.006490000000000000e+05
1.006680000000000000e+05
1.006720000000000000e+05
1.006820000000000000e+05
1.006870000000000000e+05
1.006880000000000000e+05
1.007120000000000000e+05
1.007190000000000000e+05
1.007210000000000000e+05
1.007240000000000000e+05
1.007390000000000000e+05
1.007410000000000000e+05
1.007420000000000000e+05
1.007440000000000000e+05
1.007450000000000000e+05
1.007580000000000000e+05
1.007660000000000000e+05
1.007780000000000000e+05
1.007850000000000000e+05
1.007870000000000000e+05
1.007920000000000000e+05
1.008000000000000000e+05
1.008270000000000000e+05
1.008320000000000000e+05
1.008350000000000000e+05
1.008390000000000000e+05
1.008570000000000000e+05
1.008600000000000000e+05
1.008990000000000000e+05
1.009010000000000000e+05
1.009110000000000000e+05
1.009180000000000000e+05
1.009210000000000000e+05
1.009260000000000000e+05
1.009370000000000000e+05
1.009410000000000000e+05
1.009440000000000000e+05
1.009520000000000000e+05
1.009550000000000000e+05
1.009630000000000000e+05
1.009800000000000000e+05
1.010000000000000000e+05
1.010050000000000000e+05
1.010140000000000000e+05
1.010310000000000000e+05
1.010410000000000000e+05
1.010470000000000000e+05
1.010530000000000000e+05
1.010540000000000000e+05
1.010560000000000000e+05
1.010590000000000000e+05
1.010720000000000000e+05
1.010790000000000000e+05
1.010860000000000000e+05
1.010920000000000000e+05
1.010960000000000000e+05
1.010970000000000000e+05
1.011030000000000000e+05
1.011200000000000000e+05
1.011300000000000000e+05
1.011330000000000000e+05
1.011420000000000000e+05
1.011490000000000000e+05
1.011530000000000000e+05
1.011570000000000000e+05
1.011630000000000000e+05
1.011740000000000000e+05
1.011750000000000000e+05
1.011780000000000000e+05
1.011870000000000000e+05
1.011980000000000000e+05
1.012120000000000000e+05
1.012140000000000000e+05
1.012210000000000000e+05
1.012360000000000000e+05
1.012560000000000000e+05
1.012630000000000000e+05
1.012640000000000000e+05
1.012650000000000000e+05
1.012660000000000000e+05
1.012920000000000000e+05
1.012970000000000000e+05
1.013020000000000000e+05
1.013110000000000000e+05
1.013160000000000000e+05
1.013280000000000000e+05
1.013290000000000000e+05
1.013310000000000000e+05
1.013330000000000000e+05
1.013400000000000000e+05
1.013460000000000000e+05
1.013500000000000000e+05
1.013580000000000000e+05
1.013600000000000000e+05
1.013610000000000000e+05
1.013640000000000000e+05
1.013660000000000000e+05
1.013830000000000000e+05
1.013940000000000000e+05
1.013950000000000000e+05
1.014080000000000000e+05
1.014230000000000000e+05
1.014270000000000000e+05
1.014350000000000000e+05
1.014500000000000000e+05
1.014630000000000000e+05
1.014670000000000000e+05
1.014680000000000000e+05
1.014760000000000000e+05
1.014820000000000000e+05
1.014920000000000000e+05
1.014990000000000000e+05
1.015030000000000000e+05
1.015060000000000000e+05
1.015080000000000000e+05
1.015090000000000000e+05
1.015230000000000000e+05
1.015240000000000000e+05
1.015400000000000000e+05
1.015470000000000000e+05
1.015660000000000000e+05
1.015720000000000000e+05
1.015790000000000000e+05
1.015860000000000000e+05
1.015870000000000000e+05
1.015920000000000000e+05
1.015980000000000000e+05
1.015990000000000000e+05
1.016260000000000000e+05
1.016280000000000000e+05
1.016300000000000000e+05
1.016390000000000000e+05
1.016480000000000000e+05
1.016500000000000000e+05
1.016570000000000000e+05
1.016810000000000000e+05
1.016850000000000000e+05
1.016890000000000000e+05
1.016900000000000000e+05
1.016910000000000000e+05
1.016940000000000000e+05
1.017020000000000000e+05
1.017270000000000000e+05
1.017300000000000000e+05
1.017320000000000000e+05
1.017400000000000000e+05
1.017430000000000000e+05
1.017630000000000000e+05
1.017720000000000000e+05
1.017800000000000000e+05
1.017850000000000000e+05
1.017920000000000000e+05
1.017970000000000000e+05
1.017980000000000000e+05
1.018020000000000000e+05
1.018040000000000000e+05
1.018050000000000000e+05
1.018060000000000000e+05
1.018080000000000000e+05
1.018110000000000000e+05
1.018240000000000000e+05
1.018310000000000000e+05
1.018400000000000000e+05
1.018410000000000000e+05
1.018460000000000000e+05
1.018490000000000000e+05
1.018640000000000000e+05
1.018660000000000000e+05
1.018760000000000000e+05
1.018820000000000000e+05
1.018830000000000000e+05
1.018860000000000000e+05
1.019080000000000000e+05
1.019310000000000000e+05
1.019330000000000000e+05
1.019390000000000000e+05
1.019410000000000000e+05
1.019430000000000000e+05
1.019490000000000000e+05
1.019520000000000000e+05
1.019530000000000000e+05
1.019560000000000000e+05
1.019610000000000000e+05
1.019680000000000000e+05
1.019730000000000000e+05
1.019740000000000000e+05
1.019780000000000000e+05
1.019800000000000000e+05
1.019830000000000000e+05
1.019840000000000000e+05
1.019930000000000000e+05
1.020080000000000000e+05
1.020220000000000000e+05
1.020280000000000000e+05
1.020290000000000000e+05
1.020310000000000000e+05
1.020450000000000000e+05
1.020540000000000000e+05
1.020620000000000000e+05
1.020710000000000000e+05
1.020810000000000000e+05
1.020870000000000000e+05
1.020900000000000000e+05
1.020940000000000000e+05
1.020960000000000000e+05
1.020990000000000000e+05
1.021050000000000000e+05
1.021060000000000000e+05
1.021120000000000000e+05
1.021130000000000000e+05
1.021310000000000000e+05
1.021340000000000000e+05
1.021420000000000000e+05
1.021490000000000000e+05
1.021600000000000000e+05
1.021630000000000000e+05
1.021800000000000000e+05
1.021810000000000000e+05
1.021900000000000000e+05
1.022240000000000000e+05
1.022250000000000000e+05
1.022270000000000000e+05
1.022280000000000000e+05
1.022290000000000000e+05
1.022310000000000000e+05
1.022340000000000000e+05
1.022360000000000000e+05
1.022440000000000000e+05
1.022520000000000000e+05
1.022570000000000000e+05
1.022680000000000000e+05
1.022690000000000000e+05
1.022710000000000000e+05
1.022790000000000000e+05
1.022840000000000000e+05
1.022850000000000000e+05
1.022870000000000000e+05
1.023040000000000000e+05
1.023100000000000000e+05
1.023300000000000000e+05
1.023520000000000000e+05
1.023550000000000000e+05
1.023570000000000000e+05
1.023620000000000000e+05
1.023680000000000000e+05
1.023740000000000000e+05
1.023760000000000000e+05
1.023770000000000000e+05
1.023820000000000000e+05
1.023900000000000000e+05
1.023950000000000000e+05
1.024360000000000000e+05
1.024410000000000000e+05
1.024480000000000000e+05
1.024650000000000000e+05
1.024660000000000000e+05
1.024720000000000000e+05
1.024850000000000000e+05
1.024860000000000000e+05
1.024920000000000000e+05
1.025200000000000000e+05
1.025350000000000000e+05
1.025420000000000000e+05
1.025650000000000000e+05
1.025670000000000000e+05
1.025680000000000000e+05
1.025720000000000000e+05
1.025810000000000000e+05
1.025910000000000000e+05
1.025970000000000000e+05
1.025980000000000000e+05
1.025990000000000000e+05
1.026140000000000000e+05
1.026280000000000000e+05
1.026340000000000000e+05
1.026460000000000000e+05
1.026610000000000000e+05
1.026630000000000000e+05
1.026870000000000000e+05
1.026880000000000000e+05
1.026900000000000000e+05
1.026920000000000000e+05
1.027020000000000000e+05
1.027040000000000000e+05
1.027050000000000000e+05
1.027180000000000000e+05
1.027190000000000000e+05
1.027200000000000000e+05
1.027370000000000000e+05
1.027420000000000000e+05
1.027470000000000000e+05
1.027530000000000000e+05
1.027540000000000000e+05
1.027700000000000000e+05
1.027740000000000000e+05
1.027870000000000000e+05
1.027930000000000000e+05
1.027940000000000000e+05
1.027990000000000000e+05
1.028110000000000000e+05
1.028130000000000000e+05
1.028180000000000000e+05
1.028420000000000000e+05
1.028470000000000000e+05
1.028490000000000000e+05
1.028580000000000000e+05
1.028620000000000000e+05
1.028640000000000000e+05
1.028660000000000000e+05
1.028710000000000000e+05
1.028720000000000000e+05
1.028800000000000000e+05
1.029060000000000000e+05
1.029080000000000000e+05
1.029130000000000000e+05
1.029150000000000000e+05
1.029210000000000000e+05
1.029360000000000000e+05
1.029520000000000000e+05
1.029540000000000000e+05
1.029560000000000000e+05
1.029590000000000000e+05
1.030030000000000000e+05
1.030040000000000000e+05
1.030070000000000000e+05
1.030090000000000000e+05
1.030150000000000000e+05
1.030180000000000000e+05
1.030190000000000000e+05
1.030200000000000000e+05
1.030210000000000000e+05
1.030310000000000000e+05
1.030360000000000000e+05
1.030400000000000000e+05
1.030550000000000000e+05
1.030590000000000000e+05
1.030620000000000000e+05
1.030630000000000000e+05
1.030660000000000000e+05
1.030750000000000000e+05
1.030810000000000000e+05
1.030910000000000000e+05
1.031000000000000000e+05
1.031030000000000000e+05
1.031080000000000000e+05
1.031110000000000000e+05
1.031130000000000000e+05
1.031250000000000000e+05
1.031260000000000000e+05
1.031330000000000000e+05
1.031400000000000000e+05
1.031470000000000000e+05
1.031500000000000000e+05
1.031520000000000000e+05
1.031530000000000000e+05
1.031540000000000000e+05
1.031560000000000000e+05
1.031570000000000000e+05
1.031770000000000000e+05
1.031840000000000000e+05
1.031860000000000000e+05
1.031960000000000000e+05
1.032130000000000000e+05
1.032150000000000000e+05
1.032240000000000000e+05
1.032250000000000000e+05
1.032290000000000000e+05
1.032340000000000000e+05
1.032370000000000000e+05
1.032440000000000000e+05
1.032600000000000000e+05
1.032760000000000000e+05
1.032790000000000000e+05
1.032860000000000000e+05
1.032920000000000000e+05
1.032970000000000000e+05
1.033020000000000000e+05
1.033030000000000000e+05
1.033110000000000000e+05
1.033180000000000000e+05
1.033200000000000000e+05
1.033430000000000000e+05
1.033570000000000000e+05
1.033700000000000000e+05
1.033760000000000000e+05
1.033770000000000000e+05
1.033790000000000000e+05
1.033810000000000000e+05
1.033870000000000000e+05
1.033890000000000000e+05
1.034000000000000000e+05
1.034080000000000000e+05
1.034090000000000000e+05
1.034140000000000000e+05
1.034190000000000000e+05
1.034310000000000000e+05
1.034410000000000000e+05
1.034500000000000000e+05
1.034660000000000000e+05
1.034770000000000000e+05
1.034810000000000000e+05
1.034930000000000000e+05
1.034990000000000000e+05
1.035090000000000000e+05
1.035130000000000000e+05
1.035210000000000000e+05
1.035220000000000000e+05
1.035250000000000000e+05
1.035400000000000000e+05
1.035590000000000000e+05
1.035600000000000000e+05
1.035640000000000000e+05
1.035650000000000000e+05
1.035710000000000000e+05
1.035720000000000000e+05
1.035730000000000000e+05
1.035780000000000000e+05
1.035810000000000000e+05
1.035840000000000000e+05
1.035870000000000000e+05
1.035990000000000000e+05
1.036070000000000000e+05
1.036180000000000000e+05
1.036230000000000000e+05
1.036240000000000000e+05
1.036350000000000000e+05
1.036400000000000000e+05
1.036470000000000000e+05
1.036620000000000000e+05
1.037070000000000000e+05
1.037200000000000000e+05
1.037360000000000000e+05
1.037380000000000000e+05
1.037490000000000000e+05
1.037540000000000000e+05
1.037610000000000000e+05
1.037660000000000000e+05
1.037800000000000000e+05
1.037880000000000000e+05
1.037910000000000000e+05
1.038080000000000000e+05
1.038200000000000000e+05
1.038210000000000000e+05
1.038260000000000000e+05
1.038290000000000000e+05
1.038300000000000000e+05
1.038310000000000000e+05
1.038320000000000000e+05
1.038330000000000000e+05
1.038400000000000000e+05
1.038420000000000000e+05
1.038570000000000000e+05
1.038580000000000000e+05
1.038770000000000000e+05
1.038780000000000000e+05
1.038840000000000000e+05
1.038890000000000000e+05
1.038960000000000000e+05
1.039060000000000000e+05
1.039220000000000000e+05
1.039260000000000000e+05
1.039330000000000000e+05
1.039560000000000000e+05
1.039720000000000000e+05
1.039780000000000000e+05
1.039800000000000000e+05
1.039930000000000000e+05
1.040020000000000000e+05
1.040030000000000000e+05
1.040050000000000000e+05
1.040180000000000000e+05
1.040210000000000000e+05
1.040260000000000000e+05
1.040300000000000000e+05
1.040400000000000000e+05
1.040480000000000000e+05
1.040500000000000000e+05
1.040520000000000000e+05
1.040670000000000000e+05
1.040680000000000000e+05
1.040710000000000000e+05
1.040800000000000000e+05
1.040840000000000000e+05
1.040850000000000000e+05
1.040920000000000000e+05
1.040980000000000000e+05
1.041110000000000000e+05
1.041120000000000000e+05
1.041140000000000000e+05
1.041170000000000000e+05
1.041220000000000000e+05
1.041240000000000000e+05
1.041260000000000000e+05
1.041320000000000000e+05
1.041330000000000000e+05
1.041370000000000000e+05
1.041680000000000000e+05
1.041910000000000000e+05
1.042070000000000000e+05
1.042170000000000000e+05
1.042230000000000000e+05
1.042250000000000000e+05
1.042380000000000000e+05
1.042390000000000000e+05
1.042540000000000000e+05
1.042750000000000000e+05
1.042890000000000000e+05
1.042970000000000000e+05
1.043010000000000000e+05
1.043210000000000000e+05
1.043320000000000000e+05
1.043340000000000000e+05
1.043610000000000000e+05
1.043690000000000000e+05
1.043720000000000000e+05
1.043730000000000000e+05
1.043750000000000000e+05
1.043770000000000000e+05
1.043780000000000000e+05
1.043800000000000000e+05
1.043920000000000000e+05
1.043970000000000000e+05
1.044020000000000000e+05
1.044100000000000000e+05
1.044140000000000000e+05
1.044170000000000000e+05
1.044200000000000000e+05
1.044350000000000000e+05
1.044430000000000000e+05
1.044450000000000000e+05
1.044460000000000000e+05
1.044470000000000000e+05
1.044620000000000000e+05
1.044650000000000000e+05
1.044680000000000000e+05
1.044780000000000000e+05
1.044800000000000000e+05
1.044870000000000000e+05
1.044900000000000000e+05
1.044910000000000000e+05
1.045030000000000000e+05
1.045110000000000000e+05
1.045260000000000000e+05
1.045330000000000000e+05
1.045410000000000000e+05
1.045420000000000000e+05
1.045430000000000000e+05
1.045470000000000000e+05
1.045510000000000000e+05
1.045560000000000000e+05
1.045570000000000000e+05
1.045610000000000000e+05
1.045720000000000000e+05
1.045760000000000000e+05
1.045860000000000000e+05
1.045870000000000000e+05
1.045990000000000000e+05
1.046040000000000000e+05
1.046160000000000000e+05
1.046340000000000000e+05
1.046420000000000000e+05
1.046570000000000000e+05
1.046710000000000000e+05
1.046730000000000000e+05
1.046760000000000000e+05
1.046910000000000000e+05
1.046930000000000000e+05
1.046950000000000000e+05
1.046960000000000000e+05
1.047070000000000000e+05
1.047080000000000000e+05
1.047130000000000000e+05
1.047190000000000000e+05
1.047220000000000000e+05
1.047250000000000000e+05
1.047270000000000000e+05
1.047350000000000000e+05
1.047460000000000000e+05
1.047690000000000000e+05
1.047820000000000000e+05
1.047910000000000000e+05
1.047950000000000000e+05
1.047960000000000000e+05
1.048080000000000000e+05
1.048110000000000000e+05
1.048280000000000000e+05
1.048320000000000000e+05
1.048340000000000000e+05
1.048370000000000000e+05
1.048430000000000000e+05
1.048470000000000000e+05
1.048570000000000000e+05
1.048590000000000000e+05
1.048620000000000000e+05
1.048650000000000000e+05
1.048680000000000000e+05
1.048700000000000000e+05
1.048800000000000000e+05
1.048860000000000000e+05
1.048900000000000000e+05
1.048960000000000000e+05
1.048980000000000000e+05
1.049040000000000000e+05
1.049050000000000000e+05
1.049110000000000000e+05
1.049140000000000000e+05
1.049350000000000000e+05
1.049480000000000000e+05
1.049730000000000000e+05
1.049770000000000000e+05
1.050020000000000000e+05
1.050240000000000000e+05
1.050380000000000000e+05
1.050400000000000000e+05
1.050820000000000000e+05
1.050850000000000000e+05
1.050950000000000000e+05
1.051090000000000000e+05
1.051140000000000000e+05
1.051330000000000000e+05
1.051430000000000000e+05
1.051470000000000000e+05
1.051480000000000000e+05
1.051560000000000000e+05
1.051670000000000000e+05
1.051760000000000000e+05
1.051770000000000000e+05
1.051790000000000000e+05
1.051800000000000000e+05
1.051830000000000000e+05
1.051890000000000000e+05
1.051960000000000000e+05
1.052240000000000000e+05
1.052250000000000000e+05
1.052540000000000000e+05
1.052560000000000000e+05
1.052680000000000000e+05
1.052780000000000000e+05
1.052800000000000000e+05
1.053020000000000000e+05
1.053100000000000000e+05
1.053150000000000000e+05
1.053270000000000000e+05
1.053400000000000000e+05
1.053420000000000000e+05
1.053430000000000000e+05
1.053440000000000000e+05
1.053510000000000000e+05
1.053530000000000000e+05
1.053550000000000000e+05
1.053600000000000000e+05
1.053680000000000000e+05
1.053820000000000000e+05
1.053830000000000000e+05
1.053900000000000000e+05
1.053940000000000000e+05
1.054440000000000000e+05
1.054540000000000000e+05
1.054620000000000000e+05
1.054710000000000000e+05
1.054790000000000000e+05
1.054850000000000000e+05
1.054910000000000000e+05
1.054960000000000000e+05
1.055020000000000000e+05
1.055110000000000000e+05
1.055130000000000000e+05
1.055540000000000000e+05
1.055840000000000000e+05
1.055860000000000000e+05
1.055970000000000000e+05
1.056000000000000000e+05
1.056030000000000000e+05
1.056050000000000000e+05
1.056080000000000000e+05
1.056100000000000000e+05
1.056270000000000000e+05
1.056290000000000000e+05
1.056300000000000000e+05
1.056320000000000000e+05
1.056480000000000000e+05
1.056500000000000000e+05
1.056530000000000000e+05
1.056670000000000000e+05
1.056840000000000000e+05
1.056920000000000000e+05
1.057040000000000000e+05
1.057080000000000000e+05
1.057090000000000000e+05
1.057220000000000000e+05
1.057300000000000000e+05
1.057310000000000000e+05
1.057380000000000000e+05
1.057470000000000000e+05
1.057480000000000000e+05
1.057520000000000000e+05
1.057660000000000000e+05
1.057670000000000000e+05
1.057710000000000000e+05
1.057820000000000000e+05
1.057970000000000000e+05
1.058060000000000000e+05
1.058160000000000000e+05
1.058260000000000000e+05
1.058320000000000000e+05
1.058350000000000000e+05
1.058630000000000000e+05
1.058780000000000000e+05
1.058790000000000000e+05
1.058800000000000000e+05
1.058820000000000000e+05
1.058890000000000000e+05
1.058900000000000000e+05
1.058990000000000000e+05
1.059040000000000000e+05
1.059200000000000000e+05
1.059300000000000000e+05
1.059310000000000000e+05
1.059340000000000000e+05
1.059440000000000000e+05
1.059480000000000000e+05
1.059490000000000000e+05
1.059530000000000000e+05
1.059570000000000000e+05
1.059600000000000000e+05
1.059680000000000000e+05
1.059740000000000000e+05
1.059820000000000000e+05
1.059860000000000000e+05
1.059980000000000000e+05
1.060030000000000000e+05
1.060070000000000000e+05
1.060100000000000000e+05
1.060150000000000000e+05
1.060180000000000000e+05
1.060220000000000000e+05
1.060270000000000000e+05
1.060330000000000000e+05
1.060350000000000000e+05
1.060370000000000000e+05
1.060420000000000000e+05
1.060440000000000000e+05
1.060510000000000000e+05
1.060560000000000000e+05
1.060620000000000000e+05
1.060650000000000000e+05
1.060720000000000000e+05
1.060770000000000000e+05
1.061040000000000000e+05
1.061050000000000000e+05
1.061090000000000000e+05
1.061200000000000000e+05
1.061370000000000000e+05
1.061550000000000000e+05
1.061630000000000000e+05
1.061640000000000000e+05
1.061690000000000000e+05
1.061880000000000000e+05
1.061920000000000000e+05
1.062060000000000000e+05
1.062180000000000000e+05
1.062310000000000000e+05
1.062370000000000000e+05
1.062390000000000000e+05
1.062430000000000000e+05
1.062470000000000000e+05
1.062680000000000000e+05
1.062820000000000000e+05
1.062870000000000000e+05
1.062890000000000000e+05
1.062940000000000000e+05
1.062950000000000000e+05
1.062980000000000000e+05
1.063000000000000000e+05
1.063080000000000000e+05
1.063170000000000000e+05
1.063240000000000000e+05
1.063430000000000000e+05
1.063570000000000000e+05
1.063580000000000000e+05
1.063610000000000000e+05
1.063620000000000000e+05
1.063640000000000000e+05
1.063660000000000000e+05
1.063720000000000000e+05
1.063740000000000000e+05
1.063750000000000000e+05
1.063810000000000000e+05
1.063970000000000000e+05
1.064220000000000000e+05
1.064250000000000000e+05
1.064380000000000000e+05
1.064400000000000000e+05
1.064540000000000000e+05
1.064770000000000000e+05
1.064820000000000000e+05
1.064900000000000000e+05
1.064920000000000000e+05
1.064950000000000000e+05
1.064960000000000000e+05
1.065100000000000000e+05
1.065120000000000000e+05
1.065130000000000000e+05
1.065260000000000000e+05
1.065340000000000000e+05
1.065410000000000000e+05
1.065450000000000000e+05
1.065470000000000000e+05
1.065510000000000000e+05
1.065600000000000000e+05
1.065720000000000000e+05
1.065780000000000000e+05
1.065850000000000000e+05
1.065940000000000000e+05
1.065980000000000000e+05
1.066050000000000000e+05
1.066150000000000000e+05
1.066200000000000000e+05
1.066220000000000000e+05
1.066260000000000000e+05
1.066360000000000000e+05
1.066420000000000000e+05
1.066570000000000000e+05
1.066660000000000000e+05
1.066710000000000000e+05
1.066720000000000000e+05
1.066820000000000000e+05
1.066850000000000000e+05
1.066900000000000000e+05
1.066950000000000000e+05
1.067040000000000000e+05
1.067050000000000000e+05
1.067080000000000000e+05
1.067130000000000000e+05
1.067240000000000000e+05
1.067250000000000000e+05
1.067300000000000000e+05
1.067320000000000000e+05
1.067330000000000000e+05
1.067360000000000000e+05
1.067400000000000000e+05
1.067410000000000000e+05
1.067680000000000000e+05
1.067870000000000000e+05
1.067950000000000000e+05
1.067960000000000000e+05
1.068000000000000000e+05
1.068070000000000000e+05
1.068140000000000000e+05
1.068160000000000000e+05
1.068230000000000000e+05
1.068250000000000000e+05
1.068310000000000000e+05
1.068320000000000000e+05
1.068360000000000000e+05
1.068380000000000000e+05
1.068470000000000000e+05
1.068520000000000000e+05
1.068560000000000000e+05
1.068590000000000000e+05
1.068670000000000000e+05
1.068700000000000000e+05
1.068970000000000000e+05
1.069020000000000000e+05
1.069150000000000000e+05
1.069330000000000000e+05
1.069500000000000000e+05
1.069540000000000000e+05
1.069620000000000000e+05
1.069660000000000000e+05
1.069710000000000000e+05
1.069740000000000000e+05
1.069780000000000000e+05
1.069810000000000000e+05
1.069860000000000000e+05
1.070030000000000000e+05
1.070050000000000000e+05
1.070100000000000000e+05
1.070310000000000000e+05
1.070350000000000000e+05
1.070370000000000000e+05
1.070390000000000000e+05
1.070440000000000000e+05
1.070490000000000000e+05
1.070560000000000000e+05
1.070580000000000000e+05
1.070610000000000000e+05
1.070650000000000000e+05
1.070910000000000000e+05
1.071000000000000000e+05
1.071020000000000000e+05
1.071080000000000000e+05
1.071300000000000000e+05
1.071340000000000000e+05
1.071500000000000000e+05
1.071650000000000000e+05
1.071690000000000000e+05
1.071720000000000000e+05
1.071890000000000000e+05
1.071930000000000000e+05
1.071960000000000000e+05
1.072000000000000000e+05
1.072080000000000000e+05
1.072190000000000000e+05
1.072200000000000000e+05
1.072220000000000000e+05
1.072300000000000000e+05
1.072380000000000000e+05
1.072430000000000000e+05
1.072470000000000000e+05
1.072560000000000000e+05
1.072600000000000000e+05
1.072620000000000000e+05
1.072670000000000000e+05
1.072680000000000000e+05
1.072830000000000000e+05
1.072860000000000000e+05
1.072870000000000000e+05
1.072930000000000000e+05
1.072970000000000000e+05
1.073030000000000000e+05
1.073070000000000000e+05
1.073080000000000000e+05
1.073240000000000000e+05
1.073310000000000000e+05
1.073320000000000000e+05
1.073390000000000000e+05
1.073530000000000000e+05
1.073590000000000000e+05
1.073660000000000000e+05
1.073780000000000000e+05
1.073880000000000000e+05
1.073890000000000000e+05
1.073980000000000000e+05
1.074000000000000000e+05
1.074090000000000000e+05
1.074130000000000000e+05
1.074140000000000000e+05
1.074150000000000000e+05
1.074250000000000000e+05
1.074260000000000000e+05
1.074300000000000000e+05
1.074390000000000000e+05
1.074480000000000000e+05
1.074580000000000000e+05
1.074700000000000000e+05
1.074710000000000000e+05
1.074750000000000000e+05
1.075040000000000000e+05
1.075060000000000000e+05
1.075100000000000000e+05
1.075200000000000000e+05
1.075280000000000000e+05
1.075290000000000000e+05
1.075400000000000000e+05
1.075480000000000000e+05
1.075540000000000000e+05
1.075640000000000000e+05
1.075750000000000000e+05
1.075800000000000000e+05
1.075840000000000000e+05
1.075870000000000000e+05
1.075900000000000000e+05
1.076020000000000000e+05
1.076040000000000000e+05
1.076060000000000000e+05
1.076070000000000000e+05
1.076170000000000000e+05
1.076210000000000000e+05
1.076230000000000000e+05
1.076240000000000000e+05
1.076280000000000000e+05
1.076440000000000000e+05
1.076480000000000000e+05
1.076560000000000000e+05
1.076880000000000000e+05
1.076900000000000000e+05
1.076910000000000000e+05
1.077300000000000000e+05
1.077350000000000000e+05
1.077400000000000000e+05
1.077530000000000000e+05
1.077570000000000000e+05
1.077580000000000000e+05
1.077620000000000000e+05
1.077730000000000000e+05
1.077740000000000000e+05
1.077780000000000000e+05
1.077810000000000000e+05
1.077840000000000000e+05
1.077860000000000000e+05
1.077870000000000000e+05
1.077890000000000000e+05
1.077920000000000000e+05
1.077950000000000000e+05
1.078050000000000000e+05
1.078120000000000000e+05
1.078470000000000000e+05
1.078490000000000000e+05
1.078530000000000000e+05
1.078560000000000000e+05
1.078610000000000000e+05
1.078630000000000000e+05
1.078690000000000000e+05
1.078970000000000000e+05
1.079110000000000000e+05
1.079130000000000000e+05
1.079160000000000000e+05
1.079170000000000000e+05
1.079320000000000000e+05
1.079330000000000000e+05
1.079350000000000000e+05
1.079430000000000000e+05
1.079460000000000000e+05
1.079470000000000000e+05
1.079600000000000000e+05
1.079620000000000000e+05
1.079720000000000000e+05
1.079910000000000000e+05
1.079920000000000000e+05
1.080030000000000000e+05
1.080070000000000000e+05
1.080110000000000000e+05
1.080220000000000000e+05
1.080280000000000000e+05
1.080360000000000000e+05
1.080370000000000000e+05
1.080390000000000000e+05
1.080440000000000000e+05
1.080480000000000000e+05
1.080530000000000000e+05
1.080590000000000000e+05
1.080640000000000000e+05
1.080760000000000000e+05
1.080790000000000000e+05
1.080870000000000000e+05
1.080900000000000000e+05
1.080920000000000000e+05
1.080960000000000000e+05
1.080980000000000000e+05
1.081040000000000000e+05
1.081060000000000000e+05
1.081460000000000000e+05
1.081520000000000000e+05
1.081560000000000000e+05
1.081580000000000000e+05
1.081600000000000000e+05
1.081700000000000000e+05
1.081710000000000000e+05
1.081840000000000000e+05
1.081960000000000000e+05
1.081990000000000000e+05
1.082000000000000000e+05
1.082060000000000000e+05
1.082090000000000000e+05
1.082320000000000000e+05
1.082360000000000000e+05
1.082390000000000000e+05
1.082410000000000000e+05
1.082500000000000000e+05
1.082600000000000000e+05
1.082610000000000000e+05
1.082630000000000000e+05
1.082700000000000000e+05
1.082720000000000000e+05
1.082760000000000000e+05
1.082790000000000000e+05
1.082830000000000000e+05
1.083170000000000000e+05
1.083270000000000000e+05
1.083280000000000000e+05
1.083380000000000000e+05
1.083420000000000000e+05
1.083480000000000000e+05
1.083520000000000000e+05
1.083550000000000000e+05
1.083580000000000000e+05
1.083690000000000000e+05
1.083700000000000000e+05
1.083720000000000000e+05
1.083730000000000000e+05
1.083880000000000000e+05
1.084030000000000000e+05
1.084110000000000000e+05
1.084160000000000000e+05
1.084290000000000000e+05
1.084390000000000000e+05
1.084410000000000000e+05
1.084580000000000000e+05
1.084590000000000000e+05
1.084640000000000000e+05
1.084700000000000000e+05
1.084800000000000000e+05
1.085050000000000000e+05
1.085060000000000000e+05
1.085070000000000000e+05
1.085190000000000000e+05
1.085340000000000000e+05
1.085360000000000000e+05
1.085370000000000000e+05
1.085540000000000000e+05
1.085600000000000000e+05
1.085640000000000000e+05
1.085690000000000000e+05
1.085700000000000000e+05
1.085760000000000000e+05
1.085770000000000000e+05
1.085790000000000000e+05
1.085980000000000000e+05
1.086040000000000000e+05
1.086050000000000000e+05
1.086090000000000000e+05
1.086180000000000000e+05
1.086240000000000000e+05
1.086320000000000000e+05
1.086340000000000000e+05
1.086400000000000000e+05
1.086480000000000000e+05
1.086490000000000000e+05
1.086520000000000000e+05
1.086560000000000000e+05
1.086640000000000000e+05
1.086660000000000000e+05
1.086710000000000000e+05
1.086750000000000000e+05
1.086860000000000000e+05
1.086900000000000000e+05
1.086950000000000000e+05
1.087000000000000000e+05
1.087020000000000000e+05
1.087180000000000000e+05
1.087260000000000000e+05
1.087290000000000000e+05
1.087320000000000000e+05
1.087430000000000000e+05
1.087490000000000000e+05
1.087550000000000000e+05
1.087570000000000000e+05
1.087660000000000000e+05
1.087720000000000000e+05
1.087800000000000000e+05
1.087870000000000000e+05
1.088130000000000000e+05
1.088200000000000000e+05
1.088300000000000000e+05
1.088430000000000000e+05
1.088450000000000000e+05
1.088530000000000000e+05
1.088590000000000000e+05
1.088660000000000000e+05
1.088840000000000000e+05
1.088900000000000000e+05
1.088940000000000000e+05
1.089060000000000000e+05
1.089080000000000000e+05
1.089150000000000000e+05
1.089180000000000000e+05
1.089190000000000000e+05
1.089220000000000000e+05
1.089370000000000000e+05
1.089420000000000000e+05
1.089460000000000000e+05
1.089600000000000000e+05
1.089700000000000000e+05
1.089800000000000000e+05
1.089810000000000000e+05
1.089830000000000000e+05
1.089940000000000000e+05
1.090010000000000000e+05
1.090100000000000000e+05
1.090160000000000000e+05
1.090170000000000000e+05
1.090220000000000000e+05
1.090230000000000000e+05
1.090300000000000000e+05
1.090440000000000000e+05
1.090510000000000000e+05
1.090560000000000000e+05
1.090730000000000000e+05
1.090740000000000000e+05
1.090770000000000000e+05
1.090850000000000000e+05
1.090880000000000000e+05
1.090900000000000000e+05
1.091020000000000000e+05
1.091200000000000000e+05
1.091210000000000000e+05
1.091280000000000000e+05
1.091350000000000000e+05
1.091360000000000000e+05
1.091370000000000000e+05
1.091500000000000000e+05
1.091560000000000000e+05
1.091610000000000000e+05
1.091730000000000000e+05
1.091740000000000000e+05
1.091850000000000000e+05
1.091920000000000000e+05
1.091950000000000000e+05
1.091980000000000000e+05
1.091990000000000000e+05
1.092020000000000000e+05
1.092030000000000000e+05
1.092060000000000000e+05
1.092160000000000000e+05
1.092280000000000000e+05
1.092340000000000000e+05
1.092360000000000000e+05
1.092390000000000000e+05
1.092430000000000000e+05
1.092480000000000000e+05
1.092500000000000000e+05
1.092520000000000000e+05
1.092600000000000000e+05
1.092650000000000000e+05
1.092740000000000000e+05
1.092800000000000000e+05
1.092880000000000000e+05
1.092960000000000000e+05
1.093080000000000000e+05
1.093130000000000000e+05
1.093230000000000000e+05
1.093260000000000000e+05
1.093420000000000000e+05
1.093570000000000000e+05
1.093650000000000000e+05
1.093720000000000000e+05
1.093740000000000000e+05
1.093750000000000000e+05
1.093800000000000000e+05
1.093840000000000000e+05
1.093870000000000000e+05
1.093880000000000000e+05
1.093940000000000000e+05
1.094200000000000000e+05
1.094350000000000000e+05
1.094430000000000000e+05
1.094640000000000000e+05
1.094680000000000000e+05
1.094890000000000000e+05
1.094900000000000000e+05
1.094920000000000000e+05
1.094930000000000000e+05
1.095010000000000000e+05
1.095030000000000000e+05
1.095110000000000000e+05
1.095160000000000000e+05
1.095220000000000000e+05
1.095250000000000000e+05
1.095260000000000000e+05
1.095430000000000000e+05
1.095450000000000000e+05
1.095500000000000000e+05
1.095510000000000000e+05
1.095570000000000000e+05
1.095580000000000000e+05
1.095630000000000000e+05
1.095660000000000000e+05
1.095840000000000000e+05
1.095900000000000000e+05
1.096180000000000000e+05
1.096200000000000000e+05
1.096230000000000000e+05
1.096330000000000000e+05
1.096370000000000000e+05
1.096500000000000000e+05
1.096540000000000000e+05
1.096700000000000000e+05
1.096730000000000000e+05
1.096740000000000000e+05
1.096770000000000000e+05
1.096780000000000000e+05
1.096810000000000000e+05
1.096850000000000000e+05
1.096870000000000000e+05
1.096920000000000000e+05
1.096980000000000000e+05
1.097020000000000000e+05
1.097030000000000000e+05
1.097080000000000000e+05
1.097120000000000000e+05
1.097140000000000000e+05
1.097150000000000000e+05
1.097170000000000000e+05
1.097190000000000000e+05
1.097310000000000000e+05
1.097660000000000000e+05
1.097710000000000000e+05
1.097860000000000000e+05
1.097870000000000000e+05
1.097930000000000000e+05
1.097940000000000000e+05
1.097960000000000000e+05
1.098020000000000000e+05
1.098040000000000000e+05
1.098160000000000000e+05
1.098340000000000000e+05
1.098400000000000000e+05
1.098500000000000000e+05
1.098560000000000000e+05
1.098680000000000000e+05
1.098730000000000000e+05
1.098750000000000000e+05
1.098770000000000000e+05
1.098860000000000000e+05
1.098870000000000000e+05
1.098910000000000000e+05
1.099030000000000000e+05
1.099060000000000000e+05
1.099070000000000000e+05
1.099150000000000000e+05
1.099350000000000000e+05
1.099480000000000000e+05
1.099540000000000000e+05
1.099570000000000000e+05
1.099670000000000000e+05
1.099780000000000000e+05
1.099910000000000000e+05
1.100060000000000000e+05
1.100170000000000000e+05
1.100220000000000000e+05
1.100330000000000000e+05
1.100460000000000000e+05
1.100470000000000000e+05
1.100520000000000000e+05
1.100560000000000000e+05
1.100650000000000000e+05
1.100670000000000000e+05
1.100750000000000000e+05
1.100820000000000000e+05
1.100920000000000000e+05
1.101040000000000000e+05
1.101070000000000000e+05
1.101130000000000000e+05
1.101240000000000000e+05
1.101310000000000000e+05
1.101420000000000000e+05
1.101430000000000000e+05
1.101450000000000000e+05
1.101600000000000000e+05
1.101700000000000000e+05
1.101760000000000000e+05
1.101810000000000000e+05
1.101980000000000000e+05
1.102010000000000000e+05
1.102080000000000000e+05
1.102090000000000000e+05
1.102100000000000000e+05
1.102220000000000000e+05
1.102230000000000000e+05
1.102270000000000000e+05
1.102290000000000000e+05
1.102310000000000000e+05
1.102440000000000000e+05
1.102470000000000000e+05
1.102510000000000000e+05
1.102560000000000000e+05
1.102620000000000000e+05
1.102630000000000000e+05
1.102700000000000000e+05
1.102740000000000000e+05
1.102880000000000000e+05
1.102910000000000000e+05
1.102940000000000000e+05
1.103020000000000000e+05
1.103130000000000000e+05
1.103160000000000000e+05
1.103220000000000000e+05
1.103230000000000000e+05
1.103260000000000000e+05
1.103300000000000000e+05
1.103350000000000000e+05
1.103360000000000000e+05
1.103390000000000000e+05
1.103560000000000000e+05
1.103570000000000000e+05
1.103660000000000000e+05
1.103750000000000000e+05
1.103780000000000000e+05
1.103810000000000000e+05
1.103900000000000000e+05
1.104050000000000000e+05
1.104150000000000000e+05
1.104210000000000000e+05
1.104220000000000000e+05
1.104310000000000000e+05
1.104390000000000000e+05
1.104430000000000000e+05
1.104470000000000000e+05
1.104610000000000000e+05
1.104700000000000000e+05
1.104840000000000000e+05
1.104920000000000000e+05
1.104940000000000000e+05
1.105120000000000000e+05
1.105190000000000000e+05
1.105320000000000000e+05
1.105470000000000000e+05
1.105580000000000000e+05
1.105690000000000000e+05
1.105700000000000000e+05
1.105920000000000000e+05
1.105930000000000000e+05
1.105950000000000000e+05
1.106000000000000000e+05
1.106050000000000000e+05
1.106090000000000000e+05
1.106110000000000000e+05
1.106190000000000000e+05
1.106250000000000000e+05
1.106360000000000000e+05
1.106400000000000000e+05
1.106550000000000000e+05
1.106650000000000000e+05
1.106660000000000000e+05
1.106720000000000000e+05
1.106790000000000000e+05
1.106860000000000000e+05
1.106870000000000000e+05
1.106880000000000000e+05
1.106890000000000000e+05
1.106910000000000000e+05
1.106990000000000000e+05
1.107110000000000000e+05
1.107180000000000000e+05
1.107190000000000000e+05
1.107290000000000000e+05
1.107310000000000000e+05
1.107320000000000000e+05
1.107370000000000000e+05
1.107450000000000000e+05
1.107650000000000000e+05
1.107670000000000000e+05
1.107850000000000000e+05
1.107920000000000000e+05
1.108070000000000000e+05
1.108190000000000000e+05
1.108310000000000000e+05
1.108410000000000000e+05
1.108500000000000000e+05
1.108520000000000000e+05
1.108550000000000000e+05
1.108600000000000000e+05
1.108690000000000000e+05
1.108800000000000000e+05
1.108980000000000000e+05
1.109050000000000000e+05
1.109170000000000000e+05
1.109310000000000000e+05
1.109410000000000000e+05
1.109520000000000000e+05
1.109700000000000000e+05
1.109740000000000000e+05
1.109850000000000000e+05
1.109880000000000000e+05
1.109920000000000000e+05
1.109970000000000000e+05
1.110220000000000000e+05
1.110240000000000000e+05
1.110270000000000000e+05
1.110280000000000000e+05
1.110320000000000000e+05
1.110370000000000000e+05
1.110380000000000000e+05
1.110510000000000000e+05
1.110600000000000000e+05
1.110760000000000000e+05
1.110790000000000000e+05
1.110830000000000000e+05
1.110840000000000000e+05
1.110930000000000000e+05
1.111120000000000000e+05
1.111130000000000000e+05
1.111140000000000000e+05
1.111150000000000000e+05
1.111170000000000000e+05
1.111220000000000000e+05
1.111280000000000000e+05
1.111390000000000000e+05
1.111400000000000000e+05
1.111500000000000000e+05
1.111510000000000000e+05
1.111550000000000000e+05
1.111610000000000000e+05
1.111650000000000000e+05
1.111730000000000000e+05
1.111810000000000000e+05
1.111900000000000000e+05
1.111980000000000000e+05
1.112020000000000000e+05
1.112080000000000000e+05
1.112140000000000000e+05
1.112160000000000000e+05
1.112170000000000000e+05
1.112230000000000000e+05
1.112340000000000000e+05
1.112370000000000000e+05
1.112410000000000000e+05
1.112480000000000000e+05
1.112510000000000000e+05
1.112560000000000000e+05
1.112660000000000000e+05
1.112680000000000000e+05
1.112820000000000000e+05
1.112830000000000000e+05
1.112910000000000000e+05
1.112920000000000000e+05
1.113060000000000000e+05
1.113100000000000000e+05
1.113220000000000000e+05
1.113390000000000000e+05
1.113450000000000000e+05
1.113620000000000000e+05
1.113630000000000000e+05
1.113670000000000000e+05
1.113740000000000000e+05
1.113750000000000000e+05
1.113760000000000000e+05
1.114190000000000000e+05
1.114200000000000000e+05
1.114280000000000000e+05
1.114320000000000000e+05
1.114350000000000000e+05
1.114410000000000000e+05
1.114460000000000000e+05
1.114530000000000000e+05
1.114780000000000000e+05
1.114840000000000000e+05
1.115040000000000000e+05
1.115050000000000000e+05
1.115100000000000000e+05
1.115180000000000000e+05
1.115190000000000000e+05
1.115260000000000000e+05
1.115300000000000000e+05
1.115330000000000000e+05
1.115430000000000000e+05
1.115450000000000000e+05
1.115460000000000000e+05
1.115560000000000000e+05
1.115630000000000000e+05
1.116140000000000000e+05
1.116340000000000000e+05
1.116470000000000000e+05
1.116510000000000000e+05
1.116550000000000000e+05
1.116590000000000000e+05
1.116630000000000000e+05
1.116690000000000000e+05
1.116780000000000000e+05
1.116990000000000000e+05
1.117160000000000000e+05
1.117330000000000000e+05
1.117430000000000000e+05
1.117710000000000000e+05
1.117740000000000000e+05
1.117760000000000000e+05
1.117770000000000000e+05
1.117830000000000000e+05
1.117890000000000000e+05
1.118010000000000000e+05
1.118030000000000000e+05
1.118130000000000000e+05
1.118160000000000000e+05
1.118200000000000000e+05
1.118280000000000000e+05
1.118390000000000000e+05
1.118520000000000000e+05
1.118540000000000000e+05
1.118560000000000000e+05
1.118630000000000000e+05
1.118670000000000000e+05
1.118720000000000000e+05
1.118850000000000000e+05
1.119050000000000000e+05
1.119240000000000000e+05
1.119270000000000000e+05
1.119290000000000000e+05
1.119300000000000000e+05
1.119380000000000000e+05
1.119550000000000000e+05
1.119570000000000000e+05
1.119580000000000000e+05
1.119980000000000000e+05
1.120090000000000000e+05
1.120250000000000000e+05
1.120340000000000000e+05
1.120360000000000000e+05
1.120690000000000000e+05
1.120800000000000000e+05
1.120870000000000000e+05
1.120880000000000000e+05
1.120900000000000000e+05
1.120930000000000000e+05
1.120960000000000000e+05
1.121040000000000000e+05
1.121170000000000000e+05
1.121210000000000000e+05
1.121230000000000000e+05
1.121240000000000000e+05
1.121480000000000000e+05
1.121570000000000000e+05
1.121670000000000000e+05
1.121790000000000000e+05
1.121900000000000000e+05
1.121970000000000000e+05
1.121980000000000000e+05
1.122010000000000000e+05
1.122080000000000000e+05
1.122220000000000000e+05
1.122290000000000000e+05
1.122330000000000000e+05
1.122440000000000000e+05
1.122600000000000000e+05
1.122660000000000000e+05
1.122770000000000000e+05
1.122780000000000000e+05
1.122910000000000000e+05
1.122970000000000000e+05
1.123080000000000000e+05
1.123160000000000000e+05
1.123190000000000000e+05
1.123220000000000000e+05
1.123250000000000000e+05
1.123430000000000000e+05
1.123440000000000000e+05
1.123470000000000000e+05
1.123490000000000000e+05
1.123540000000000000e+05
1.123570000000000000e+05
1.123610000000000000e+05
1.123640000000000000e+05
1.123690000000000000e+05
1.123740000000000000e+05
1.123840000000000000e+05
1.123890000000000000e+05
1.123900000000000000e+05
1.123960000000000000e+05
1.124020000000000000e+05
1.124040000000000000e+05
1.124070000000000000e+05
1.124270000000000000e+05
1.124330000000000000e+05
1.124350000000000000e+05
1.124390000000000000e+05
1.124480000000000000e+05
1.124530000000000000e+05
1.124640000000000000e+05
1.124650000000000000e+05
1.124680000000000000e+05
1.124760000000000000e+05
1.124830000000000000e+05
1.124990000000000000e+05
1.125010000000000000e+05
1.125020000000000000e+05
1.125130000000000000e+05
1.125160000000000000e+05
1.125180000000000000e+05
1.125200000000000000e+05
1.125290000000000000e+05
1.125320000000000000e+05
1.125440000000000000e+05
1.125530000000000000e+05
1.125540000000000000e+05
1.125700000000000000e+05
1.125880000000000000e+05
1.125900000000000000e+05
1.125940000000000000e+05
1.126090000000000000e+05
1.126140000000000000e+05
1.126220000000000000e+05
1.126230000000000000e+05
1.126280000000000000e+05
1.126500000000000000e+05
1.126660000000000000e+05
1.126710000000000000e+05
1.126830000000000000e+05
1.127090000000000000e+05
1.127120000000000000e+05
1.127140000000000000e+05
1.127150000000000000e+05
1.127220000000000000e+05
1.127500000000000000e+05
1.127530000000000000e+05
1.127570000000000000e+05
1.127770000000000000e+05
1.127780000000000000e+05
1.127810000000000000e+05
1.127850000000000000e+05
