1.127950000000000000e+05
1.128110000000000000e+05
1.128150000000000000e+05
1.128290000000000000e+05
1.128360000000000000e+05
1.128370000000000000e+05
1.128380000000000000e+05
1.128590000000000000e+05
1.128630000000000000e+05
1.128740000000000000e+05
1.128830000000000000e+05
1.128940000000000000e+05
1.129010000000000000e+05
1.129090000000000000e+05
1.129110000000000000e+05
1.129120000000000000e+05
1.129140000000000000e+05
1.129180000000000000e+05
1.129190000000000000e+05
1.129340000000000000e+05
1.129430000000000000e+05
1.129450000000000000e+05
1.129470000000000000e+05
1.129520000000000000e+05
1.129710000000000000e+05
1.129970000000000000e+05
1.130020000000000000e+05
1.130140000000000000e+05
1.130210000000000000e+05
1.130620000000000000e+05
1.130700000000000000e+05
1.130710000000000000e+05
1.130770000000000000e+05
1.130780000000000000e+05
1.130790000000000000e+05
1.130800000000000000e+05
1.130950000000000000e+05
1.131010000000000000e+05
1.131030000000000000e+05
1.131090000000000000e+05
1.131100000000000000e+05
1.131120000000000000e+05
1.131330000000000000e+05
1.131340000000000000e+05
1.131410000000000000e+05
1.131640000000000000e+05
1.131680000000000000e+05
1.131740000000000000e+05
1.131780000000000000e+05
1.131790000000000000e+05
1.131820000000000000e+05
1.131830000000000000e+05
1.131880000000000000e+05
1.132000000000000000e+05
1.132030000000000000e+05
1.132080000000000000e+05
1.132240000000000000e+05
1.132290000000000000e+05
1.132400000000000000e+05
1.132530000000000000e+05
1.132550000000000000e+05
1.132640000000000000e+05
1.132670000000000000e+05
1.132750000000000000e+05
1.132910000000000000e+05
1.132930000000000000e+05
1.132950000000000000e+05
1.133020000000000000e+05
1.133230000000000000e+05
1.133420000000000000e+05
1.133430000000000000e+05
1.133440000000000000e+05
1.133470000000000000e+05
1.133590000000000000e+05
1.133610000000000000e+05
1.133650000000000000e+05
1.133730000000000000e+05
1.133740000000000000e+05
1.133750000000000000e+05
1.133850000000000000e+05
1.133860000000000000e+05
1.133870000000000000e+05
1.133890000000000000e+05
1.133940000000000000e+05
1.134040000000000000e+05
1.134060000000000000e+05
1.134090000000000000e+05
1.134110000000000000e+05
1.134180000000000000e+05
1.134210000000000000e+05
1.134240000000000000e+05
1.134250000000000000e+05
1.134370000000000000e+05
1.134430000000000000e+05
1.134440000000000000e+05
1.134470000000000000e+05
1.134500000000000000e+05
1.134560000000000000e+05
1.134600000000000000e+05
1.134940000000000000e+05
1.134990000000000000e+05
1.135060000000000000e+05
1.135130000000000000e+05
1.135160000000000000e+05
1.135210000000000000e+05
1.135320000000000000e+05
1.135330000000000000e+05
1.135380000000000000e+05
1.135420000000000000e+05
1.135450000000000000e+05
1.135560000000000000e+05
1.135580000000000000e+05
1.135600000000000000e+05
1.135610000000000000e+05
1.135650000000000000e+05
1.135690000000000000e+05
1.135720000000000000e+05
1.135770000000000000e+05
1.135800000000000000e+05
1.135820000000000000e+05
1.135830000000000000e+05
1.135890000000000000e+05
1.135970000000000000e+05
1.136190000000000000e+05
1.136210000000000000e+05
1.136270000000000000e+05
1.136320000000000000e+05
1.136400000000000000e+05
1.136630000000000000e+05
1.136650000000000000e+05
1.136670000000000000e+05
1.137060000000000000e+05
1.137100000000000000e+05
1.137200000000000000e+05
1.137250000000000000e+05
1.137280000000000000e+05
1.137300000000000000e+05
1.137490000000000000e+05
1.137890000000000000e+05
1.138050000000000000e+05
1.138060000000000000e+05
1.138090000000000000e+05
1.138200000000000000e+05
1.138230000000000000e+05
1.138340000000000000e+05
1.138520000000000000e+05
1.138540000000000000e+05
1.138690000000000000e+05
1.138730000000000000e+05
1.138740000000000000e+05
1.138780000000000000e+05
1.138790000000000000e+05
1.138940000000000000e+05
1.138970000000000000e+05
1.139000000000000000e+05
1.139140000000000000e+05
1.139180000000000000e+05
1.139260000000000000e+05
1.139310000000000000e+05
1.139320000000000000e+05
1.139420000000000000e+05
1.139460000000000000e+05
1.139550000000000000e+05
1.139600000000000000e+05
1.139630000000000000e+05
1.139650000000000000e+05
1.139660000000000000e+05
1.139770000000000000e+05
1.139860000000000000e+05
1.139980000000000000e+05
1.140010000000000000e+05
1.140050000000000000e+05
1.140120000000000000e+05
1.140140000000000000e+05
1.140200000000000000e+05
1.140210000000000000e+05
1.140310000000000000e+05
1.140350000000000000e+05
1.140390000000000000e+05
1.140460000000000000e+05
1.140500000000000000e+05
1.140510000000000000e+05
1.140570000000000000e+05
1.140590000000000000e+05
1.140620000000000000e+05
1.140700000000000000e+05
1.140770000000000000e+05
1.140980000000000000e+05
1.140990000000000000e+05
1.141030000000000000e+05
1.141050000000000000e+05
1.141070000000000000e+05
1.141140000000000000e+05
1.141170000000000000e+05
1.141210000000000000e+05
1.141220000000000000e+05
1.141230000000000000e+05
1.141270000000000000e+05
1.141390000000000000e+05
1.141440000000000000e+05
1.141470000000000000e+05
1.141480000000000000e+05
1.141660000000000000e+05
1.141780000000000000e+05
1.141840000000000000e+05
1.141850000000000000e+05
1.142070000000000000e+05
1.142080000000000000e+05
1.142220000000000000e+05
1.142290000000000000e+05
1.142370000000000000e+05
1.142420000000000000e+05
1.142430000000000000e+05
1.142460000000000000e+05
1.142510000000000000e+05
1.142520000000000000e+05
1.142590000000000000e+05
1.142640000000000000e+05
1.142810000000000000e+05
1.142850000000000000e+05
1.142870000000000000e+05
1.142980000000000000e+05
1.143000000000000000e+05
1.143050000000000000e+05
1.143060000000000000e+05
1.143090000000000000e+05
1.143110000000000000e+05
1.143160000000000000e+05
1.143170000000000000e+05
1.143300000000000000e+05
1.143420000000000000e+05
1.143600000000000000e+05
1.143700000000000000e+05
1.143730000000000000e+05
1.143820000000000000e+05
1.143850000000000000e+05
1.143880000000000000e+05
1.144040000000000000e+05
1.144060000000000000e+05
1.144130000000000000e+05
1.144180000000000000e+05
1.144220000000000000e+05
1.144270000000000000e+05
1.144340000000000000e+05
1.144400000000000000e+05
1.144410000000000000e+05
1.144510000000000000e+05
1.144600000000000000e+05
1.144770000000000000e+05
1.144800000000000000e+05
1.144830000000000000e+05
1.145070000000000000e+05
1.145090000000000000e+05
1.145110000000000000e+05
1.145190000000000000e+05
1.145230000000000000e+05
1.145240000000000000e+05
1.145330000000000000e+05
1.145360000000000000e+05
1.145380000000000000e+05
1.145560000000000000e+05
1.145610000000000000e+05
1.145770000000000000e+05
1.145780000000000000e+05
1.145790000000000000e+05
1.145800000000000000e+05
1.145820000000000000e+05
1.145830000000000000e+05
1.145870000000000000e+05
1.145930000000000000e+05
1.145990000000000000e+05
1.146020000000000000e+05
1.146050000000000000e+05
1.146060000000000000e+05
1.146070000000000000e+05
1.146130000000000000e+05
1.146280000000000000e+05
1.146500000000000000e+05
1.146810000000000000e+05
1.146920000000000000e+05
1.147030000000000000e+05
1.147080000000000000e+05
1.147120000000000000e+05
1.147140000000000000e+05
1.147230000000000000e+05
1.147330000000000000e+05
1.147410000000000000e+05
1.147450000000000000e+05
1.147550000000000000e+05
1.147640000000000000e+05
1.147670000000000000e+05
1.147890000000000000e+05
1.147940000000000000e+05
1.148010000000000000e+05
1.148070000000000000e+05
1.148150000000000000e+05
1.148220000000000000e+05
1.148440000000000000e+05
1.148470000000000000e+05
1.148550000000000000e+05
1.148680000000000000e+05
1.148730000000000000e+05
1.148800000000000000e+05
1.148850000000000000e+05
1.148950000000000000e+05
1.149010000000000000e+05
1.149080000000000000e+05
1.149090000000000000e+05
1.149120000000000000e+05
1.149180000000000000e+05
1.149200000000000000e+05
1.149280000000000000e+05
1.149290000000000000e+05
1.149300000000000000e+05
1.149350000000000000e+05
1.149370000000000000e+05
1.149550000000000000e+05
1.149580000000000000e+05
1.149630000000000000e+05
1.149780000000000000e+05
1.149790000000000000e+05
1.149870000000000000e+05
1.149980000000000000e+05
1.150000000000000000e+05
1.150200000000000000e+05
1.150400000000000000e+05
1.150590000000000000e+05
1.150650000000000000e+05
1.150680000000000000e+05
1.150690000000000000e+05
1.150740000000000000e+05
1.150810000000000000e+05
1.150860000000000000e+05
1.150900000000000000e+05
1.150910000000000000e+05
1.151000000000000000e+05
1.151040000000000000e+05
1.151050000000000000e+05
1.151060000000000000e+05
1.151100000000000000e+05
1.151110000000000000e+05
1.151140000000000000e+05
1.151160000000000000e+05
1.151170000000000000e+05
1.151200000000000000e+05
1.151220000000000000e+05
1.151240000000000000e+05
1.151300000000000000e+05
1.151450000000000000e+05
1.151690000000000000e+05
1.151710000000000000e+05
1.151770000000000000e+05
1.151790000000000000e+05
1.151830000000000000e+05
1.151910000000000000e+05
1.152000000000000000e+05
1.152010000000000000e+05
1.152050000000000000e+05
1.152080000000000000e+05
1.152100000000000000e+05
1.152160000000000000e+05
1.152190000000000000e+05
1.152250000000000000e+05
1.152270000000000000e+05
1.152420000000000000e+05
1.152600000000000000e+05
1.152700000000000000e+05
1.152850000000000000e+05
1.152890000000000000e+05
1.152940000000000000e+05
1.153060000000000000e+05
1.153200000000000000e+05
1.153270000000000000e+05
1.153320000000000000e+05
1.153540000000000000e+05
1.153620000000000000e+05
1.153640000000000000e+05
1.153650000000000000e+05
1.153670000000000000e+05
1.153720000000000000e+05
1.153790000000000000e+05
1.153820000000000000e+05
1.153830000000000000e+05
1.153980000000000000e+05
1.154040000000000000e+05
1.154090000000000000e+05
1.154190000000000000e+05
1.154200000000000000e+05
1.154220000000000000e+05
1.154280000000000000e+05
1.154300000000000000e+05
1.154420000000000000e+05
1.154490000000000000e+05
1.154570000000000000e+05
1.154590000000000000e+05
1.154650000000000000e+05
1.154670000000000000e+05
1.154750000000000000e+05
1.154840000000000000e+05
1.154980000000000000e+05
1.155020000000000000e+05
1.155090000000000000e+05
1.155260000000000000e+05
1.155320000000000000e+05
1.155470000000000000e+05
1.155490000000000000e+05
1.155510000000000000e+05
1.155570000000000000e+05
1.155720000000000000e+05
1.155820000000000000e+05
1.155860000000000000e+05
1.155890000000000000e+05
1.155900000000000000e+05
1.155920000000000000e+05
1.155930000000000000e+05
1.155970000000000000e+05
1.156010000000000000e+05
1.156080000000000000e+05
1.156270000000000000e+05
1.156310000000000000e+05
1.156320000000000000e+05
1.156440000000000000e+05
1.156480000000000000e+05
1.156540000000000000e+05
1.156660000000000000e+05
1.156820000000000000e+05
1.156860000000000000e+05
1.156900000000000000e+05
1.157010000000000000e+05
1.157070000000000000e+05
1.157130000000000000e+05
1.157250000000000000e+05
1.157340000000000000e+05
1.157430000000000000e+05
1.157570000000000000e+05
1.157580000000000000e+05
1.157770000000000000e+05
1.157800000000000000e+05
1.157830000000000000e+05
1.157900000000000000e+05
1.157970000000000000e+05
1.158120000000000000e+05
1.158160000000000000e+05
1.158180000000000000e+05
1.158230000000000000e+05
1.158260000000000000e+05
1.158320000000000000e+05
1.158660000000000000e+05
1.158690000000000000e+05
1.158730000000000000e+05
1.158800000000000000e+05
1.159020000000000000e+05
1.159200000000000000e+05
1.159240000000000000e+05
1.159360000000000000e+05
1.159420000000000000e+05
1.159460000000000000e+05
1.159550000000000000e+05
1.159650000000000000e+05
1.159770000000000000e+05
1.159810000000000000e+05
1.159840000000000000e+05
1.159980000000000000e+05
1.160090000000000000e+05
1.160100000000000000e+05
1.160250000000000000e+05
1.160280000000000000e+05
1.160330000000000000e+05
1.160470000000000000e+05
1.160630000000000000e+05
1.160720000000000000e+05
1.161020000000000000e+05
1.161090000000000000e+05
1.161180000000000000e+05
1.161190000000000000e+05
1.161210000000000000e+05
1.161220000000000000e+05
1.161340000000000000e+05
1.161450000000000000e+05
1.161510000000000000e+05
1.161570000000000000e+05
1.161640000000000000e+05
1.161740000000000000e+05
1.161830000000000000e+05
1.161970000000000000e+05
1.162310000000000000e+05
1.162420000000000000e+05
1.162550000000000000e+05
1.162630000000000000e+05
1.162730000000000000e+05
1.162840000000000000e+05
1.162850000000000000e+05
1.162880000000000000e+05
1.162930000000000000e+05
1.163080000000000000e+05
1.163100000000000000e+05
1.163150000000000000e+05
1.163260000000000000e+05
1.163290000000000000e+05
1.163340000000000000e+05
1.163400000000000000e+05
1.163410000000000000e+05
1.163480000000000000e+05
1.163490000000000000e+05
1.163520000000000000e+05
1.163530000000000000e+05
1.163680000000000000e+05
1.163710000000000000e+05
1.163850000000000000e+05
1.163860000000000000e+05
1.163910000000000000e+05
1.164190000000000000e+05
1.164380000000000000e+05
1.164480000000000000e+05
1.164630000000000000e+05
1.164660000000000000e+05
1.164700000000000000e+05
1.164770000000000000e+05
1.165000000000000000e+05
1.165170000000000000e+05
1.165180000000000000e+05
1.165210000000000000e+05
1.165230000000000000e+05
1.165270000000000000e+05
1.165350000000000000e+05
1.165410000000000000e+05
1.165550000000000000e+05
1.165610000000000000e+05
1.165790000000000000e+05
1.165800000000000000e+05
1.165840000000000000e+05
1.165890000000000000e+05
1.165920000000000000e+05
1.165940000000000000e+05
1.165990000000000000e+05
1.166060000000000000e+05
1.166150000000000000e+05
1.166170000000000000e+05
1.166180000000000000e+05
1.166200000000000000e+05
1.166260000000000000e+05
1.166270000000000000e+05
1.166290000000000000e+05
1.166490000000000000e+05
1.166610000000000000e+05
1.166670000000000000e+05
1.166870000000000000e+05
1.166950000000000000e+05
1.167160000000000000e+05
1.167200000000000000e+05
1.167220000000000000e+05
1.167260000000000000e+05
1.167270000000000000e+05
1.167290000000000000e+05
1.167330000000000000e+05
1.167390000000000000e+05
1.167400000000000000e+05
1.167690000000000000e+05
1.167880000000000000e+05
1.168170000000000000e+05
1.168300000000000000e+05
1.168410000000000000e+05
1.168520000000000000e+05
1.168550000000000000e+05
1.168650000000000000e+05
1.168710000000000000e+05
1.168720000000000000e+05
1.168880000000000000e+05
1.169060000000000000e+05
1.169080000000000000e+05
1.169100000000000000e+05
1.169130000000000000e+05
1.169180000000000000e+05
1.169230000000000000e+05
1.169290000000000000e+05
1.169390000000000000e+05
1.169400000000000000e+05
1.169430000000000000e+05
1.169460000000000000e+05
1.169530000000000000e+05
1.169670000000000000e+05
1.169740000000000000e+05
1.169750000000000000e+05
1.169800000000000000e+05
1.169920000000000000e+05
1.169950000000000000e+05
1.170030000000000000e+05
1.170130000000000000e+05
1.170410000000000000e+05
1.170510000000000000e+05
1.170670000000000000e+05
1.170720000000000000e+05
1.171030000000000000e+05
1.171070000000000000e+05
1.171150000000000000e+05
1.171260000000000000e+05
1.171330000000000000e+05
1.171340000000000000e+05
1.171360000000000000e+05
1.171400000000000000e+05
1.171490000000000000e+05
1.171590000000000000e+05
1.171670000000000000e+05
1.171730000000000000e+05
1.171780000000000000e+05
1.171990000000000000e+05
1.172030000000000000e+05
1.172120000000000000e+05
1.172190000000000000e+05
1.172310000000000000e+05
1.172320000000000000e+05
1.172330000000000000e+05
1.172400000000000000e+05
1.172490000000000000e+05
1.172500000000000000e+05
1.172560000000000000e+05
1.172570000000000000e+05
1.172580000000000000e+05
1.172640000000000000e+05
1.172660000000000000e+05
1.172690000000000000e+05
1.172940000000000000e+05
1.173030000000000000e+05
1.173050000000000000e+05
1.173410000000000000e+05
1.173540000000000000e+05
1.173560000000000000e+05
1.173630000000000000e+05
1.173650000000000000e+05
1.173790000000000000e+05
1.173800000000000000e+05
1.173820000000000000e+05
1.173900000000000000e+05
1.173910000000000000e+05
1.174020000000000000e+05
1.174100000000000000e+05
1.174210000000000000e+05
1.174220000000000000e+05
1.174240000000000000e+05
1.174250000000000000e+05
1.174270000000000000e+05
1.174310000000000000e+05
1.174320000000000000e+05
1.174350000000000000e+05
1.174500000000000000e+05
1.174540000000000000e+05
1.174550000000000000e+05
1.174560000000000000e+05
1.174570000000000000e+05
1.174710000000000000e+05
1.174740000000000000e+05
1.174940000000000000e+05
1.174950000000000000e+05
1.174980000000000000e+05
1.174990000000000000e+05
1.175060000000000000e+05
1.175130000000000000e+05
1.175320000000000000e+05
1.175330000000000000e+05
1.175370000000000000e+05
1.175440000000000000e+05
1.175500000000000000e+05
1.175640000000000000e+05
1.175710000000000000e+05
1.175750000000000000e+05
1.175760000000000000e+05
1.175880000000000000e+05
1.175890000000000000e+05
1.175920000000000000e+05
1.175970000000000000e+05
1.176010000000000000e+05
1.176100000000000000e+05
1.176200000000000000e+05
1.176230000000000000e+05
1.176370000000000000e+05
1.176400000000000000e+05
1.176700000000000000e+05
1.176720000000000000e+05
1.176830000000000000e+05
1.176910000000000000e+05
1.176970000000000000e+05
1.177050000000000000e+05
1.177080000000000000e+05
1.177090000000000000e+05
1.177110000000000000e+05
1.177170000000000000e+05
1.177280000000000000e+05
1.177350000000000000e+05
1.177600000000000000e+05
1.177670000000000000e+05
1.177690000000000000e+05
1.177710000000000000e+05
1.177730000000000000e+05
1.177740000000000000e+05
1.177750000000000000e+05
1.177770000000000000e+05
1.178130000000000000e+05
1.178180000000000000e+05
1.178240000000000000e+05
1.178270000000000000e+05
1.178330000000000000e+05
1.178360000000000000e+05
1.178480000000000000e+05
1.178510000000000000e+05
1.178610000000000000e+05
1.178620000000000000e+05
1.178660000000000000e+05
1.178720000000000000e+05
1.178730000000000000e+05
1.178750000000000000e+05
1.178770000000000000e+05
1.178800000000000000e+05
1.178880000000000000e+05
1.179020000000000000e+05
1.179200000000000000e+05
1.179290000000000000e+05
1.179440000000000000e+05
1.179570000000000000e+05
1.179600000000000000e+05
1.179640000000000000e+05
1.179680000000000000e+05
1.179800000000000000e+05
1.179820000000000000e+05
1.179850000000000000e+05
1.180030000000000000e+05
1.180110000000000000e+05
1.180180000000000000e+05
1.180190000000000000e+05
1.180200000000000000e+05
1.180280000000000000e+05
1.180300000000000000e+05
1.180310000000000000e+05
1.180330000000000000e+05
1.180520000000000000e+05
1.180540000000000000e+05
1.180650000000000000e+05
1.180660000000000000e+05
1.180670000000000000e+05
1.180700000000000000e+05
1.180820000000000000e+05
1.180850000000000000e+05
1.180880000000000000e+05
1.180920000000000000e+05
1.181150000000000000e+05
1.181170000000000000e+05
1.181400000000000000e+05
1.181430000000000000e+05
1.181440000000000000e+05
1.181450000000000000e+05
1.181460000000000000e+05
1.181560000000000000e+05
1.181700000000000000e+05
1.181760000000000000e+05
1.181780000000000000e+05
1.181800000000000000e+05
1.181810000000000000e+05
1.181860000000000000e+05
1.181870000000000000e+05
1.181900000000000000e+05
1.181910000000000000e+05
1.181940000000000000e+05
1.181950000000000000e+05
1.182030000000000000e+05
1.182040000000000000e+05
1.182090000000000000e+05
1.182100000000000000e+05
1.182200000000000000e+05
1.182400000000000000e+05
1.182410000000000000e+05
1.182450000000000000e+05
1.182470000000000000e+05
1.182600000000000000e+05
1.182630000000000000e+05
1.182640000000000000e+05
1.182770000000000000e+05
1.182910000000000000e+05
1.183010000000000000e+05
1.183020000000000000e+05
1.183030000000000000e+05
1.183120000000000000e+05
1.183180000000000000e+05
1.183330000000000000e+05
1.183370000000000000e+05
1.183380000000000000e+05
1.183500000000000000e+05
1.183560000000000000e+05
1.183700000000000000e+05
1.183760000000000000e+05
1.183770000000000000e+05
1.183790000000000000e+05
1.184060000000000000e+05
1.184070000000000000e+05
1.184080000000000000e+05
1.184090000000000000e+05
1.184170000000000000e+05
1.184190000000000000e+05
1.184310000000000000e+05
1.184370000000000000e+05
1.184430000000000000e+05
1.184500000000000000e+05
1.184520000000000000e+05
1.184730000000000000e+05
1.184750000000000000e+05
1.184840000000000000e+05
1.184950000000000000e+05
1.184960000000000000e+05
1.184970000000000000e+05
1.185120000000000000e+05
1.185160000000000000e+05
1.185330000000000000e+05
1.185460000000000000e+05
1.185500000000000000e+05
1.185650000000000000e+05
1.185810000000000000e+05
1.185820000000000000e+05
1.185830000000000000e+05
1.185860000000000000e+05
1.185870000000000000e+05
1.185890000000000000e+05
1.185910000000000000e+05
1.185930000000000000e+05
1.186030000000000000e+05
1.186080000000000000e+05
1.186100000000000000e+05
1.186140000000000000e+05
1.186160000000000000e+05
1.186170000000000000e+05
1.186300000000000000e+05
1.186570000000000000e+05
1.186650000000000000e+05
1.186690000000000000e+05
1.186730000000000000e+05
1.186950000000000000e+05
1.187050000000000000e+05
1.187090000000000000e+05
1.187130000000000000e+05
1.187190000000000000e+05
1.187330000000000000e+05
1.187390000000000000e+05
1.187460000000000000e+05
1.187500000000000000e+05
1.187770000000000000e+05
1.187830000000000000e+05
1.187850000000000000e+05
1.187880000000000000e+05
1.187920000000000000e+05
1.187960000000000000e+05
1.188160000000000000e+05
1.188190000000000000e+05
1.188270000000000000e+05
1.188290000000000000e+05
1.188300000000000000e+05
1.188370000000000000e+05
1.188400000000000000e+05
1.188530000000000000e+05
1.188660000000000000e+05
1.188730000000000000e+05
1.188780000000000000e+05
1.188850000000000000e+05
1.188980000000000000e+05
1.189080000000000000e+05
1.189200000000000000e+05
1.189220000000000000e+05
1.189420000000000000e+05
1.189520000000000000e+05
1.189530000000000000e+05
1.189580000000000000e+05
1.189590000000000000e+05
1.189690000000000000e+05
1.189740000000000000e+05
1.189870000000000000e+05
1.190010000000000000e+05
1.190190000000000000e+05
1.190300000000000000e+05
1.190350000000000000e+05
1.190370000000000000e+05
1.190430000000000000e+05
1.190470000000000000e+05
1.190490000000000000e+05
1.190560000000000000e+05
1.190730000000000000e+05
1.190760000000000000e+05
1.190770000000000000e+05
1.190800000000000000e+05
1.190910000000000000e+05
1.190960000000000000e+05
1.190980000000000000e+05
1.190990000000000000e+05
1.191050000000000000e+05
1.191070000000000000e+05
1.191240000000000000e+05
1.191300000000000000e+05
1.191380000000000000e+05
1.191470000000000000e+05
1.191490000000000000e+05
1.191520000000000000e+05
1.191550000000000000e+05
1.191570000000000000e+05
1.191600000000000000e+05
1.191720000000000000e+05
1.191860000000000000e+05
1.191890000000000000e+05
1.192320000000000000e+05
1.192440000000000000e+05
1.192460000000000000e+05
1.192480000000000000e+05
1.192520000000000000e+05
1.192530000000000000e+05
1.192560000000000000e+05
1.192590000000000000e+05
1.192740000000000000e+05
1.192750000000000000e+05
1.192780000000000000e+05
1.192790000000000000e+05
1.192870000000000000e+05
1.193020000000000000e+05
1.193110000000000000e+05
1.193280000000000000e+05
1.193320000000000000e+05
1.193400000000000000e+05
1.193420000000000000e+05
1.193550000000000000e+05
1.193610000000000000e+05
1.193660000000000000e+05
1.193780000000000000e+05
1.193800000000000000e+05
1.193820000000000000e+05
1.193830000000000000e+05
1.193920000000000000e+05
1.193940000000000000e+05
1.193960000000000000e+05
1.194240000000000000e+05
1.194340000000000000e+05
1.194360000000000000e+05
1.194370000000000000e+05
1.194470000000000000e+05
1.194500000000000000e+05
1.194550000000000000e+05
1.194570000000000000e+05
1.194640000000000000e+05
1.194750000000000000e+05
1.194770000000000000e+05
1.194790000000000000e+05
1.194830000000000000e+05
1.194870000000000000e+05
1.194910000000000000e+05
1.195040000000000000e+05
1.195100000000000000e+05
1.195180000000000000e+05
1.195390000000000000e+05
1.195560000000000000e+05
1.195620000000000000e+05
1.195700000000000000e+05
1.195730000000000000e+05
1.195760000000000000e+05
1.195970000000000000e+05
1.195980000000000000e+05
1.195990000000000000e+05
1.196040000000000000e+05
1.196110000000000000e+05
1.196280000000000000e+05
1.196430000000000000e+05
1.196440000000000000e+05
1.196580000000000000e+05
1.196640000000000000e+05
1.196850000000000000e+05
1.196880000000000000e+05
1.196890000000000000e+05
1.196900000000000000e+05
1.196930000000000000e+05
1.197050000000000000e+05
1.197090000000000000e+05
1.197100000000000000e+05
1.197140000000000000e+05
1.197380000000000000e+05
1.197430000000000000e+05
1.197460000000000000e+05
1.197510000000000000e+05
1.197550000000000000e+05
1.197570000000000000e+05
1.197630000000000000e+05
1.197690000000000000e+05
1.197720000000000000e+05
1.197790000000000000e+05
1.197890000000000000e+05
1.198130000000000000e+05
1.198320000000000000e+05
1.198430000000000000e+05
1.198540000000000000e+05
1.198580000000000000e+05
1.198600000000000000e+05
1.198610000000000000e+05
1.198710000000000000e+05
1.198760000000000000e+05
1.198770000000000000e+05
1.198860000000000000e+05
1.198930000000000000e+05
1.198990000000000000e+05
1.199110000000000000e+05
1.199300000000000000e+05
1.199400000000000000e+05
1.199410000000000000e+05
1.199430000000000000e+05
1.199500000000000000e+05
1.199650000000000000e+05
1.199720000000000000e+05
1.199840000000000000e+05
1.199860000000000000e+05
1.199930000000000000e+05
1.199950000000000000e+05
1.199980000000000000e+05
1.200160000000000000e+05
1.200250000000000000e+05
1.200360000000000000e+05
1.200370000000000000e+05
1.200390000000000000e+05
1.200500000000000000e+05
1.200540000000000000e+05
1.200560000000000000e+05
1.200620000000000000e+05
1.200680000000000000e+05
1.200820000000000000e+05
1.200900000000000000e+05
1.201050000000000000e+05
1.201080000000000000e+05
1.201150000000000000e+05
1.201230000000000000e+05
1.201260000000000000e+05
1.201270000000000000e+05
1.201310000000000000e+05
1.201390000000000000e+05
1.201450000000000000e+05
1.201500000000000000e+05
1.201550000000000000e+05
1.201640000000000000e+05
1.202020000000000000e+05
1.202050000000000000e+05
1.202090000000000000e+05
1.202230000000000000e+05
1.202330000000000000e+05
1.202350000000000000e+05
1.202400000000000000e+05
1.202530000000000000e+05
1.202610000000000000e+05
1.202690000000000000e+05
1.202780000000000000e+05
1.202830000000000000e+05
1.202920000000000000e+05
1.202960000000000000e+05
1.203040000000000000e+05
1.203070000000000000e+05
1.203420000000000000e+05
1.203470000000000000e+05
1.203540000000000000e+05
1.203610000000000000e+05
1.203640000000000000e+05
1.203660000000000000e+05
1.203670000000000000e+05
1.203690000000000000e+05
1.203770000000000000e+05
1.203800000000000000e+05
1.203920000000000000e+05
1.203930000000000000e+05
1.203990000000000000e+05
1.204000000000000000e+05
1.204090000000000000e+05
1.204110000000000000e+05
1.204120000000000000e+05
1.204170000000000000e+05
1.204220000000000000e+05
1.204230000000000000e+05
1.204240000000000000e+05
1.204260000000000000e+05
1.204390000000000000e+05
1.204420000000000000e+05
1.204430000000000000e+05
1.204460000000000000e+05
1.204480000000000000e+05
1.204500000000000000e+05
1.204520000000000000e+05
1.204560000000000000e+05
1.204610000000000000e+05
1.204680000000000000e+05
1.204690000000000000e+05
1.204770000000000000e+05
1.204830000000000000e+05
1.204870000000000000e+05
1.204910000000000000e+05
1.204920000000000000e+05
1.204980000000000000e+05
1.205330000000000000e+05
1.205420000000000000e+05
1.205460000000000000e+05
1.205490000000000000e+05
1.205610000000000000e+05
1.205780000000000000e+05
1.205800000000000000e+05
1.205810000000000000e+05
1.206070000000000000e+05
1.206170000000000000e+05
1.206190000000000000e+05
1.206200000000000000e+05
1.206260000000000000e+05
1.206320000000000000e+05
1.206340000000000000e+05
1.206380000000000000e+05
1.206540000000000000e+05
1.206560000000000000e+05
1.206620000000000000e+05
1.206730000000000000e+05
1.206740000000000000e+05
1.206780000000000000e+05
1.206860000000000000e+05
1.206930000000000000e+05
1.206970000000000000e+05
1.207150000000000000e+05
1.207270000000000000e+05
1.207460000000000000e+05
1.207540000000000000e+05
1.207630000000000000e+05
1.207710000000000000e+05
1.207720000000000000e+05
1.207770000000000000e+05
1.207800000000000000e+05
1.207820000000000000e+05
1.208070000000000000e+05
1.208150000000000000e+05
1.208170000000000000e+05
1.208200000000000000e+05
1.208250000000000000e+05
1.208260000000000000e+05
1.208340000000000000e+05
1.208400000000000000e+05
1.208410000000000000e+05
1.208470000000000000e+05
1.208560000000000000e+05
1.208740000000000000e+05
1.208760000000000000e+05
1.208770000000000000e+05
1.208820000000000000e+05
1.208850000000000000e+05
1.209090000000000000e+05
1.209190000000000000e+05
1.209230000000000000e+05
1.209340000000000000e+05
1.209410000000000000e+05
1.209420000000000000e+05
1.209470000000000000e+05
1.209600000000000000e+05
1.209630000000000000e+05
1.209700000000000000e+05
1.209880000000000000e+05
1.209970000000000000e+05
1.210000000000000000e+05
1.210040000000000000e+05
1.210100000000000000e+05
1.210130000000000000e+05
1.210190000000000000e+05
1.210240000000000000e+05
1.210290000000000000e+05
1.210310000000000000e+05
1.210320000000000000e+05
1.210430000000000000e+05
1.210550000000000000e+05
1.210600000000000000e+05
1.210620000000000000e+05
1.210730000000000000e+05
1.210740000000000000e+05
1.210780000000000000e+05
1.210790000000000000e+05
1.210840000000000000e+05
1.210890000000000000e+05
1.210940000000000000e+05
1.211130000000000000e+05
1.211260000000000000e+05
1.211270000000000000e+05
1.211420000000000000e+05
1.211590000000000000e+05
1.211640000000000000e+05
1.211700000000000000e+05
1.211830000000000000e+05
1.211880000000000000e+05
1.211890000000000000e+05
1.212040000000000000e+05
1.212100000000000000e+05
1.212140000000000000e+05
1.212240000000000000e+05
1.212380000000000000e+05
1.212400000000000000e+05
1.212500000000000000e+05
1.212640000000000000e+05
1.212680000000000000e+05
1.212740000000000000e+05
1.212750000000000000e+05
1.212840000000000000e+05
1.213010000000000000e+05
1.213030000000000000e+05
1.213080000000000000e+05
1.213100000000000000e+05
1.213190000000000000e+05
1.213230000000000000e+05
1.213260000000000000e+05
1.213320000000000000e+05
1.213350000000000000e+05
1.213440000000000000e+05
1.213490000000000000e+05
1.213580000000000000e+05
1.213620000000000000e+05
1.213680000000000000e+05
1.213690000000000000e+05
1.213720000000000000e+05
1.213780000000000000e+05
1.213860000000000000e+05
1.213960000000000000e+05
1.214010000000000000e+05
1.214220000000000000e+05
1.214360000000000000e+05
1.214480000000000000e+05
1.214490000000000000e+05
1.214610000000000000e+05
1.214760000000000000e+05
1.214870000000000000e+05
1.214880000000000000e+05
1.214920000000000000e+05
1.214970000000000000e+05
1.215060000000000000e+05
1.215140000000000000e+05
1.215170000000000000e+05
1.215310000000000000e+05
1.215450000000000000e+05
1.215510000000000000e+05
1.215530000000000000e+05
1.215670000000000000e+05
1.215810000000000000e+05
1.215890000000000000e+05
1.215910000000000000e+05
1.215940000000000000e+05
1.216140000000000000e+05
1.216150000000000000e+05
1.216160000000000000e+05
1.216220000000000000e+05
1.216390000000000000e+05
1.216400000000000000e+05
1.216460000000000000e+05
1.216500000000000000e+05
1.216600000000000000e+05
1.216680000000000000e+05
1.216710000000000000e+05
1.216740000000000000e+05
1.216780000000000000e+05
1.216810000000000000e+05
1.216830000000000000e+05
1.216970000000000000e+05
1.217070000000000000e+05
1.217130000000000000e+05
1.217140000000000000e+05
1.217160000000000000e+05
1.217260000000000000e+05
1.217270000000000000e+05
1.217290000000000000e+05
1.217340000000000000e+05
1.217370000000000000e+05
1.217400000000000000e+05
1.217570000000000000e+05
1.217580000000000000e+05
1.217610000000000000e+05
1.217770000000000000e+05
1.217970000000000000e+05
1.218150000000000000e+05
1.218200000000000000e+05
1.218380000000000000e+05
1.218420000000000000e+05
1.218440000000000000e+05
1.218450000000000000e+05
1.218470000000000000e+05
1.218510000000000000e+05
1.218520000000000000e+05
1.218550000000000000e+05
1.218570000000000000e+05
1.218670000000000000e+05
1.218710000000000000e+05
1.218790000000000000e+05
1.218820000000000000e+05
1.218940000000000000e+05
1.218980000000000000e+05
1.219200000000000000e+05
1.219310000000000000e+05
1.219320000000000000e+05
1.219410000000000000e+05
1.219430000000000000e+05
1.219450000000000000e+05
1.219520000000000000e+05
1.219570000000000000e+05
1.219700000000000000e+05
1.219840000000000000e+05
1.220040000000000000e+05
1.220050000000000000e+05
1.220070000000000000e+05
1.220110000000000000e+05
1.220170000000000000e+05
1.220220000000000000e+05
1.220250000000000000e+05
1.220260000000000000e+05
1.220310000000000000e+05
1.220320000000000000e+05
1.220440000000000000e+05
1.220450000000000000e+05
1.220460000000000000e+05
1.220540000000000000e+05
1.220640000000000000e+05
1.220690000000000000e+05
1.220710000000000000e+05
1.220770000000000000e+05
1.220850000000000000e+05
1.220980000000000000e+05
1.221050000000000000e+05
1.221070000000000000e+05
1.221120000000000000e+05
1.221130000000000000e+05
1.221140000000000000e+05
1.221210000000000000e+05
1.221300000000000000e+05
1.221330000000000000e+05
1.221360000000000000e+05
1.221380000000000000e+05
1.221420000000000000e+05
1.221490000000000000e+05
1.221540000000000000e+05
1.221560000000000000e+05
1.221590000000000000e+05
1.221790000000000000e+05
1.221920000000000000e+05
1.222000000000000000e+05
1.222040000000000000e+05
1.222060000000000000e+05
1.222120000000000000e+05
1.222180000000000000e+05
1.222240000000000000e+05
1.222250000000000000e+05
1.222360000000000000e+05
1.222400000000000000e+05
1.222490000000000000e+05
1.222620000000000000e+05
1.222670000000000000e+05
1.222690000000000000e+05
1.222760000000000000e+05
1.222990000000000000e+05
1.223080000000000000e+05
1.223200000000000000e+05
1.223270000000000000e+05
1.223280000000000000e+05
1.223300000000000000e+05
1.223330000000000000e+05
1.223340000000000000e+05
1.223570000000000000e+05
1.223630000000000000e+05
1.223660000000000000e+05
1.223670000000000000e+05
1.223690000000000000e+05
1.223790000000000000e+05
1.223800000000000000e+05
1.223810000000000000e+05
1.223850000000000000e+05
1.223900000000000000e+05
1.223970000000000000e+05
1.224010000000000000e+05
1.224040000000000000e+05
1.224120000000000000e+05
1.224130000000000000e+05
1.224170000000000000e+05
1.224210000000000000e+05
1.224250000000000000e+05
1.224310000000000000e+05
1.224460000000000000e+05
1.224480000000000000e+05
1.224570000000000000e+05
1.224680000000000000e+05
1.224710000000000000e+05
1.224900000000000000e+05
1.224960000000000000e+05
1.224990000000000000e+05
1.225110000000000000e+05
1.225190000000000000e+05
1.225210000000000000e+05
1.225380000000000000e+05
1.225390000000000000e+05
1.225490000000000000e+05
1.225500000000000000e+05
1.225520000000000000e+05
1.225560000000000000e+05
1.225670000000000000e+05
1.225810000000000000e+05
1.225820000000000000e+05
1.225860000000000000e+05
1.225870000000000000e+05
1.225920000000000000e+05
1.225990000000000000e+05
1.226010000000000000e+05
1.226190000000000000e+05
1.226220000000000000e+05
1.226240000000000000e+05
1.226340000000000000e+05
1.226370000000000000e+05
1.226430000000000000e+05
1.226500000000000000e+05
1.226510000000000000e+05
1.226580000000000000e+05
1.226600000000000000e+05
1.226630000000000000e+05
1.226660000000000000e+05
1.226710000000000000e+05
1.226810000000000000e+05
1.226900000000000000e+05
1.226930000000000000e+05
1.227020000000000000e+05
1.227030000000000000e+05
1.227160000000000000e+05
1.227220000000000000e+05
1.227270000000000000e+05
1.227320000000000000e+05
1.227330000000000000e+05
1.227460000000000000e+05
1.227530000000000000e+05
1.227560000000000000e+05
1.227640000000000000e+05
1.227830000000000000e+05
1.227840000000000000e+05
1.227910000000000000e+05
1.228050000000000000e+05
1.228190000000000000e+05
1.228210000000000000e+05
1.228310000000000000e+05
1.228380000000000000e+05
1.228530000000000000e+05
1.228540000000000000e+05
1.228610000000000000e+05
1.228680000000000000e+05
1.228810000000000000e+05
1.228880000000000000e+05
1.228920000000000000e+05
1.228970000000000000e+05
1.228990000000000000e+05
1.229010000000000000e+05
1.229080000000000000e+05
1.229100000000000000e+05
1.229180000000000000e+05
1.229340000000000000e+05
1.229390000000000000e+05
1.229520000000000000e+05
1.229640000000000000e+05
1.229650000000000000e+05
1.229680000000000000e+05
1.229800000000000000e+05
1.229840000000000000e+05
1.229900000000000000e+05
1.229930000000000000e+05
1.229960000000000000e+05
1.230080000000000000e+05
1.230210000000000000e+05
1.230240000000000000e+05
1.230270000000000000e+05
1.230320000000000000e+05
1.230360000000000000e+05
1.230500000000000000e+05
1.230520000000000000e+05
1.230610000000000000e+05
1.230670000000000000e+05
1.230720000000000000e+05
1.230730000000000000e+05
1.230850000000000000e+05
1.230880000000000000e+05
1.230910000000000000e+05
1.231180000000000000e+05
1.231230000000000000e+05
1.231240000000000000e+05
1.231300000000000000e+05
1.231310000000000000e+05
1.231400000000000000e+05
1.231440000000000000e+05
1.231460000000000000e+05
1.231470000000000000e+05
1.231490000000000000e+05
1.231500000000000000e+05
1.231550000000000000e+05
1.231810000000000000e+05
1.231820000000000000e+05
1.231840000000000000e+05
1.231880000000000000e+05
1.232010000000000000e+05
1.232030000000000000e+05
1.232080000000000000e+05
1.232100000000000000e+05
1.232130000000000000e+05
1.232150000000000000e+05
1.232230000000000000e+05
1.232400000000000000e+05
1.232450000000000000e+05
1.232460000000000000e+05
1.232470000000000000e+05
1.232500000000000000e+05
1.232590000000000000e+05
1.232610000000000000e+05
1.232760000000000000e+05
1.232800000000000000e+05
1.232820000000000000e+05
1.232930000000000000e+05
1.233010000000000000e+05
1.233030000000000000e+05
1.233060000000000000e+05
1.233100000000000000e+05
1.233210000000000000e+05
1.233240000000000000e+05
1.233250000000000000e+05
1.233280000000000000e+05
1.233310000000000000e+05
1.233370000000000000e+05
1.233380000000000000e+05
1.233460000000000000e+05
1.233480000000000000e+05
1.233560000000000000e+05
1.233680000000000000e+05
1.233760000000000000e+05
1.233920000000000000e+05
1.233940000000000000e+05
1.233970000000000000e+05
1.234010000000000000e+05
1.234120000000000000e+05
1.234340000000000000e+05
1.234370000000000000e+05
1.234450000000000000e+05
1.234620000000000000e+05
1.234670000000000000e+05
1.234710000000000000e+05
1.234760000000000000e+05
1.234910000000000000e+05
1.234960000000000000e+05
1.234980000000000000e+05
1.234990000000000000e+05
1.235000000000000000e+05
1.235040000000000000e+05
1.235130000000000000e+05
1.235200000000000000e+05
1.235260000000000000e+05
1.235350000000000000e+05
1.235410000000000000e+05
1.235460000000000000e+05
1.235540000000000000e+05
1.235550000000000000e+05
1.235610000000000000e+05
1.235690000000000000e+05
1.235730000000000000e+05
1.235740000000000000e+05
1.235750000000000000e+05
1.235830000000000000e+05
1.235840000000000000e+05
1.235860000000000000e+05
1.235940000000000000e+05
1.236180000000000000e+05
1.236230000000000000e+05
1.236360000000000000e+05
1.236430000000000000e+05
1.236490000000000000e+05
1.236560000000000000e+05
1.236630000000000000e+05
1.236660000000000000e+05
1.236710000000000000e+05
1.236840000000000000e+05
1.236920000000000000e+05
1.236950000000000000e+05
1.237010000000000000e+05
1.237200000000000000e+05
1.237310000000000000e+05
1.237440000000000000e+05
1.237580000000000000e+05
1.237640000000000000e+05
1.237680000000000000e+05
1.237710000000000000e+05
1.237720000000000000e+05
1.237800000000000000e+05
1.237970000000000000e+05
1.238200000000000000e+05
1.238220000000000000e+05
1.238250000000000000e+05
1.238380000000000000e+05
1.238440000000000000e+05
1.238460000000000000e+05
1.238590000000000000e+05
1.238730000000000000e+05
1.238740000000000000e+05
1.238760000000000000e+05
1.238780000000000000e+05
1.238810000000000000e+05
1.238840000000000000e+05
1.238920000000000000e+05
1.239050000000000000e+05
1.239080000000000000e+05
1.239110000000000000e+05
1.239130000000000000e+05
1.239150000000000000e+05
1.239300000000000000e+05
1.239310000000000000e+05
1.239410000000000000e+05
1.239610000000000000e+05
1.239690000000000000e+05
1.239700000000000000e+05
1.239710000000000000e+05
1.239930000000000000e+05
1.240000000000000000e+05
1.240100000000000000e+05
1.240140000000000000e+05
1.240370000000000000e+05
1.240420000000000000e+05
1.240450000000000000e+05
1.240530000000000000e+05
1.240700000000000000e+05
1.240740000000000000e+05
1.240790000000000000e+05
1.240870000000000000e+05
1.240910000000000000e+05
1.240920000000000000e+05
1.240970000000000000e+05
1.240990000000000000e+05
1.241240000000000000e+05
1.241280000000000000e+05
1.241400000000000000e+05
1.241500000000000000e+05
1.241550000000000000e+05
1.241570000000000000e+05
1.241600000000000000e+05
1.241680000000000000e+05
1.241730000000000000e+05
1.241760000000000000e+05
1.241800000000000000e+05
1.241910000000000000e+05
1.241970000000000000e+05
1.241990000000000000e+05
1.242020000000000000e+05
1.242100000000000000e+05
1.242110000000000000e+05
1.242140000000000000e+05
1.242180000000000000e+05
1.242240000000000000e+05
1.242260000000000000e+05
1.242280000000000000e+05
1.242450000000000000e+05
1.242530000000000000e+05
1.242590000000000000e+05
1.242650000000000000e+05
1.242660000000000000e+05
1.242700000000000000e+05
1.242710000000000000e+05
1.242790000000000000e+05
1.242820000000000000e+05
1.242840000000000000e+05
1.242930000000000000e+05
1.242950000000000000e+05
1.242980000000000000e+05
1.243010000000000000e+05
1.243090000000000000e+05
1.243290000000000000e+05
1.243310000000000000e+05
1.243340000000000000e+05
1.243350000000000000e+05
1.243360000000000000e+05
1.243410000000000000e+05
1.243550000000000000e+05
1.243580000000000000e+05
1.243690000000000000e+05
1.243750000000000000e+05
1.243870000000000000e+05
1.243920000000000000e+05
1.243960000000000000e+05
1.243970000000000000e+05
1.244080000000000000e+05
1.244100000000000000e+05
1.244340000000000000e+05
1.244540000000000000e+05
1.244810000000000000e+05
1.244950000000000000e+05
1.244960000000000000e+05
1.245070000000000000e+05
1.245080000000000000e+05
1.245220000000000000e+05
1.245310000000000000e+05
1.245330000000000000e+05
1.245410000000000000e+05
1.245420000000000000e+05
1.245570000000000000e+05
1.245710000000000000e+05
1.245750000000000000e+05
1.245890000000000000e+05
1.245920000000000000e+05
1.246020000000000000e+05
1.246080000000000000e+05
1.246110000000000000e+05
1.246120000000000000e+05
1.246230000000000000e+05
1.246290000000000000e+05
1.246380000000000000e+05
1.246460000000000000e+05
1.246550000000000000e+05
1.246560000000000000e+05
1.246590000000000000e+05
1.246780000000000000e+05
1.246830000000000000e+05
1.246930000000000000e+05
1.247060000000000000e+05
1.247100000000000000e+05
1.247340000000000000e+05
1.247380000000000000e+05
1.247410000000000000e+05
1.247430000000000000e+05
1.247490000000000000e+05
1.247510000000000000e+05
1.247610000000000000e+05
1.247660000000000000e+05
1.247670000000000000e+05
1.247710000000000000e+05
1.247840000000000000e+05
1.247860000000000000e+05
1.247880000000000000e+05
1.247950000000000000e+05
1.248210000000000000e+05
1.248230000000000000e+05
1.248270000000000000e+05
1.248300000000000000e+05
1.248310000000000000e+05
1.248440000000000000e+05
1.248450000000000000e+05
1.248470000000000000e+05
1.248650000000000000e+05
1.248880000000000000e+05
1.248970000000000000e+05
1.249210000000000000e+05
1.249220000000000000e+05
1.249260000000000000e+05
1.249420000000000000e+05
1.249490000000000000e+05
1.249580000000000000e+05
1.249640000000000000e+05
1.249720000000000000e+05
1.249730000000000000e+05
1.249790000000000000e+05
1.249800000000000000e+05
1.249810000000000000e+05
1.249900000000000000e+05
1.249980000000000000e+05
1.250000000000000000e+05
1.250170000000000000e+05
1.250290000000000000e+05
1.250400000000000000e+05
1.250440000000000000e+05
1.250470000000000000e+05
1.250560000000000000e+05
1.250570000000000000e+05
1.250620000000000000e+05
1.250630000000000000e+05
1.250690000000000000e+05
1.250840000000000000e+05
1.250940000000000000e+05
1.250980000000000000e+05
1.250990000000000000e+05
1.251010000000000000e+05
1.251070000000000000e+05
1.251080000000000000e+05
1.251100000000000000e+05
1.251130000000000000e+05
1.251210000000000000e+05
1.251360000000000000e+05
1.251370000000000000e+05
1.251430000000000000e+05
1.251460000000000000e+05
1.251470000000000000e+05
1.251540000000000000e+05
1.251580000000000000e+05
1.251690000000000000e+05
1.251720000000000000e+05
1.251740000000000000e+05
1.251880000000000000e+05
1.251960000000000000e+05
1.251980000000000000e+05
1.251990000000000000e+05
1.252040000000000000e+05
1.252210000000000000e+05
1.252230000000000000e+05
1.252240000000000000e+05
1.252370000000000000e+05
1.252390000000000000e+05
1.252430000000000000e+05
1.252440000000000000e+05
1.252580000000000000e+05
1.252630000000000000e+05
1.252660000000000000e+05
1.252670000000000000e+05
1.252730000000000000e+05
1.252740000000000000e+05
1.252750000000000000e+05
1.252810000000000000e+05
1.252820000000000000e+05
1.252830000000000000e+05
1.252900000000000000e+05
1.253000000000000000e+05
1.253180000000000000e+05
1.253190000000000000e+05
1.253210000000000000e+05
1.253270000000000000e+05
1.253360000000000000e+05
1.253440000000000000e+05
1.253570000000000000e+05
1.253600000000000000e+05
1.253620000000000000e+05
1.253810000000000000e+05
1.253910000000000000e+05
1.253960000000000000e+05
1.254090000000000000e+05
1.254280000000000000e+05
1.254360000000000000e+05
1.254380000000000000e+05
1.254550000000000000e+05
1.254650000000000000e+05
1.254680000000000000e+05
1.254720000000000000e+05
1.254750000000000000e+05
1.254800000000000000e+05
1.254810000000000000e+05
1.254910000000000000e+05
1.254950000000000000e+05
1.255280000000000000e+05
1.255450000000000000e+05
1.255460000000000000e+05
1.255520000000000000e+05
1.255530000000000000e+05
1.255590000000000000e+05
1.255610000000000000e+05
1.255710000000000000e+05
1.255750000000000000e+05
1.255770000000000000e+05
1.255810000000000000e+05
1.256010000000000000e+05
1.256040000000000000e+05
1.256050000000000000e+05
1.256060000000000000e+05
1.256230000000000000e+05
1.256310000000000000e+05
1.256320000000000000e+05
1.256380000000000000e+05
1.256400000000000000e+05
1.256470000000000000e+05
1.256570000000000000e+05
1.256580000000000000e+05
1.256600000000000000e+05
1.256750000000000000e+05
1.256830000000000000e+05
1.256920000000000000e+05
1.256950000000000000e+05
1.257210000000000000e+05
1.257380000000000000e+05
1.257540000000000000e+05
1.257670000000000000e+05
1.257680000000000000e+05
1.257700000000000000e+05
1.257740000000000000e+05
1.257780000000000000e+05
1.257790000000000000e+05
1.257820000000000000e+05
1.257890000000000000e+05
1.257950000000000000e+05
1.258020000000000000e+05
1.258060000000000000e+05
1.258220000000000000e+05
1.258240000000000000e+05
1.258330000000000000e+05
1.258340000000000000e+05
1.258540000000000000e+05
1.258630000000000000e+05
1.258640000000000000e+05
1.258720000000000000e+05
1.258870000000000000e+05
1.258950000000000000e+05
1.259030000000000000e+05
1.259060000000000000e+05
1.259210000000000000e+05
1.259290000000000000e+05
1.259420000000000000e+05
1.259440000000000000e+05
1.259500000000000000e+05
1.259520000000000000e+05
1.259530000000000000e+05
1.259550000000000000e+05
1.259610000000000000e+05
1.259620000000000000e+05
1.259750000000000000e+05
1.259870000000000000e+05
1.259910000000000000e+05
1.259940000000000000e+05
1.259980000000000000e+05
1.260030000000000000e+05
1.260170000000000000e+05
1.260180000000000000e+05
1.260240000000000000e+05
1.260260000000000000e+05
1.260270000000000000e+05
1.260280000000000000e+05
1.260290000000000000e+05
1.260310000000000000e+05
1.260330000000000000e+05
1.260350000000000000e+05
1.260360000000000000e+05
1.260390000000000000e+05
1.260440000000000000e+05
1.260470000000000000e+05
1.260480000000000000e+05
1.260630000000000000e+05
1.260680000000000000e+05
1.260710000000000000e+05
1.260750000000000000e+05
1.261040000000000000e+05
1.261090000000000000e+05
1.261110000000000000e+05
1.261130000000000000e+05
1.261170000000000000e+05
1.261300000000000000e+05
1.261330000000000000e+05
1.261370000000000000e+05
1.261420000000000000e+05
1.261470000000000000e+05
1.261510000000000000e+05
1.261570000000000000e+05
1.261590000000000000e+05
1.261620000000000000e+05
1.261650000000000000e+05
1.261850000000000000e+05
1.261880000000000000e+05
1.261940000000000000e+05
1.261960000000000000e+05
1.261980000000000000e+05
1.262100000000000000e+05
1.262120000000000000e+05
1.262180000000000000e+05
1.262200000000000000e+05
1.262310000000000000e+05
1.262400000000000000e+05
1.262410000000000000e+05
1.262490000000000000e+05
1.262610000000000000e+05
1.262830000000000000e+05
1.262880000000000000e+05
1.262970000000000000e+05
1.263100000000000000e+05
1.263160000000000000e+05
1.263170000000000000e+05
1.263220000000000000e+05
1.263250000000000000e+05
1.263280000000000000e+05
1.263310000000000000e+05
1.263360000000000000e+05
1.263370000000000000e+05
1.263570000000000000e+05
1.263600000000000000e+05
1.263800000000000000e+05
1.263820000000000000e+05
1.263870000000000000e+05
1.264170000000000000e+05
1.264240000000000000e+05
1.264260000000000000e+05
1.264300000000000000e+05
1.264310000000000000e+05
1.264410000000000000e+05
1.264500000000000000e+05
1.264560000000000000e+05
1.264700000000000000e+05
1.264810000000000000e+05
1.264820000000000000e+05
1.264910000000000000e+05
1.264930000000000000e+05
1.265140000000000000e+05
1.265160000000000000e+05
1.265250000000000000e+05
1.265260000000000000e+05
1.265270000000000000e+05
1.265310000000000000e+05
1.265490000000000000e+05
1.265520000000000000e+05
1.265550000000000000e+05
1.265570000000000000e+05
1.265650000000000000e+05
1.265960000000000000e+05
1.265980000000000000e+05
1.266010000000000000e+05
1.266080000000000000e+05
1.266090000000000000e+05
1.266150000000000000e+05
1.266160000000000000e+05
1.266280000000000000e+05
1.266640000000000000e+05
1.266650000000000000e+05
1.266890000000000000e+05
1.267000000000000000e+05
1.267490000000000000e+05
1.267600000000000000e+05
1.267620000000000000e+05
1.267820000000000000e+05
1.267870000000000000e+05
1.267900000000000000e+05
1.267910000000000000e+05
1.267940000000000000e+05
1.267960000000000000e+05
1.268000000000000000e+05
1.268230000000000000e+05
1.268310000000000000e+05
1.268340000000000000e+05
1.268470000000000000e+05
1.268500000000000000e+05
1.268510000000000000e+05
1.268780000000000000e+05
1.268790000000000000e+05
1.268950000000000000e+05
1.269070000000000000e+05
1.269080000000000000e+05
1.269200000000000000e+05
1.269420000000000000e+05
1.269430000000000000e+05
1.269600000000000000e+05
1.269610000000000000e+05
1.269620000000000000e+05
1.269630000000000000e+05
1.269810000000000000e+05
1.269830000000000000e+05
1.269900000000000000e+05
1.269990000000000000e+05
1.270050000000000000e+05
1.270070000000000000e+05
1.270080000000000000e+05
1.270090000000000000e+05
1.270140000000000000e+05
1.270170000000000000e+05
1.270220000000000000e+05
1.270300000000000000e+05
1.270530000000000000e+05
1.270540000000000000e+05
1.270720000000000000e+05
1.270860000000000000e+05
1.270930000000000000e+05
1.270940000000000000e+05
1.271120000000000000e+05
1.271290000000000000e+05
1.271310000000000000e+05
1.271380000000000000e+05
1.271460000000000000e+05
1.271690000000000000e+05
1.271720000000000000e+05
1.271760000000000000e+05
1.271800000000000000e+05
1.271850000000000000e+05
1.271890000000000000e+05
1.271950000000000000e+05
1.272020000000000000e+05
1.272160000000000000e+05
1.272270000000000000e+05
1.272360000000000000e+05
1.272440000000000000e+05
1.272460000000000000e+05
1.272500000000000000e+05
1.272550000000000000e+05
1.272630000000000000e+05
1.272640000000000000e+05
1.272680000000000000e+05
1.272690000000000000e+05
1.272700000000000000e+05
1.272770000000000000e+05
1.272830000000000000e+05
1.272880000000000000e+05
1.273000000000000000e+05
1.273010000000000000e+05
1.273020000000000000e+05
1.273080000000000000e+05
1.273180000000000000e+05
1.273210000000000000e+05
1.273250000000000000e+05
1.273300000000000000e+05
1.273350000000000000e+05
1.273390000000000000e+05
1.273630000000000000e+05
1.273670000000000000e+05
1.273740000000000000e+05
1.273790000000000000e+05
1.273850000000000000e+05
1.273920000000000000e+05
1.273930000000000000e+05
1.274020000000000000e+05
1.274180000000000000e+05
1.274230000000000000e+05
1.274310000000000000e+05
1.274370000000000000e+05
1.274380000000000000e+05
1.274470000000000000e+05
1.274480000000000000e+05
1.274510000000000000e+05
1.274520000000000000e+05
1.274660000000000000e+05
1.274670000000000000e+05
1.274970000000000000e+05
1.275020000000000000e+05
1.275070000000000000e+05
1.275090000000000000e+05
1.275120000000000000e+05
1.275250000000000000e+05
1.275260000000000000e+05
1.275270000000000000e+05
1.275280000000000000e+05
1.275290000000000000e+05
1.275350000000000000e+05
1.275400000000000000e+05
1.275660000000000000e+05
1.275680000000000000e+05
1.275690000000000000e+05
1.275720000000000000e+05
